WFLOW 0.01 1.57746 2.21019 0.000221019 0.000221019 0.00170705 0.0523044
WFLOW 0.02 1.67029 2.18428 0.000873712 0.00130539 0.00638261 0.0479836
WFLOW 0.03 1.75904 2.15227 0.00193704 0.00318999 0.0134023 0.0435668
WFLOW 0.04 1.84348 2.11469 0.0033835 0.00578583 0.0222052 0.0391636
WFLOW 0.05 1.92345 2.07212 0.00518031 0.00898404 0.0322965 0.0348678
WFLOW 0.06 1.99889 2.02521 0.00729075 0.0126626 0.0432478 0.0307547
WFLOW 0.07 2.06982 1.97459 0.00967547 0.0166931 0.0546947 0.0268813
WFLOW 0.08 2.13629 1.9209 0.0122938 0.0209465 0.0663328 0.0232865
WFLOW 0.09 2.19843 1.86479 0.0151048 0.0252992 0.0779131 0.0199936
WFLOW 0.1 2.25637 1.80685 0.0180685 0.0296365 0.0892355 0.0170134
WFLOW 0.11 2.3103 1.74763 0.0211463 0.0338559 0.100144 0.014346
WFLOW 0.12 2.36042 1.68764 0.0243021 0.0378696 0.110519 0.011984
WFLOW 0.13 2.40692 1.62736 0.0275024 0.0416047 0.120276 0.00991438
WFLOW 0.14 2.45003 1.56719 0.030717 0.045004 0.129354 0.00812003
WFLOW 0.15 2.48994 1.5075 0.0339187 0.0480254 0.137717 0.00658145
WFLOW 0.16 2.52686 1.44858 0.0370837 0.0506404 0.145348 0.00527757
WFLOW 0.17 2.561 1.39071 0.0401916 0.0528339 0.152245 0.00418665
WFLOW 0.18 2.59255 1.33411 0.043225 0.0546014 0.158415 0.00328689
WFLOW 0.19 2.6217 1.27894 0.0461697 0.0559483 0.16388 0.00255687
WFLOW 0.2 2.64861 1.22535 0.0490141 0.0568881 0.168665 0.00197595
WFLOW 0.21 2.67346 1.17345 0.0517493 0.0574404 0.172803 0.00152455
WFLOW 0.22 2.6964 1.12332 0.0543689 0.0576298 0.176328 0.00118432
WFLOW 0.23 2.71758 1.07501 0.0568682 0.0574845 0.17928 0.000938317
WFLOW 0.24 2.73713 1.02855 0.0592446 0.057035 0.181699 0.000771097
WFLOW 0.25 2.75517 0.983955 0.0614972 0.0563131 0.183623 0.000668732
WFLOW 0.26 2.77183 0.941214 0.063626 0.0553508 0.185095 0.000618825
WFLOW 0.27 2.7872 0.900312 0.0656327 0.0541801 0.186153 0.000610472
WFLOW 0.28 2.80141 0.861219 0.0675196 0.0528317 0.186836 0.000634197
WFLOW 0.29 2.81453 0.823897 0.0692897 0.051335 0.187181 0.000681866
WFLOW 0.3 2.82665 0.7883 0.070947 0.0497178 0.187222 0.000746586
WFLOW 0.31 2.83785 0.754376 0.0724956 0.0480056 0.186993 0.000822597
WFLOW 0.32 2.84821 0.72207 0.07394 0.046222 0.186524 0.000905156
WFLOW 0.33 2.85779 0.691323 0.0752851 0.0443883 0.185845 0.000990422
WFLOW 0.34 2.86665 0.662074 0.0765358 0.0425235 0.184983 0.00107534
WFLOW 0.35 2.87486 0.634262 0.0776971 0.0406445 0.183962 0.00115756
WFLOW 0.36 2.88246 0.607823 0.0787739 0.0387661 0.182805 0.00123527
WFLOW 0.37 2.8895 0.582697 0.0797712 0.036901 0.181533 0.0013072
WFLOW 0.38 2.89603 0.558822 0.0806939 0.0350602 0.180164 0.00137244
WFLOW 0.39 2.90208 0.536137 0.0815465 0.0332527 0.178716 0.00143046
WFLOW 0.4 2.90771 0.514585 0.0823336 0.0314862 0.177203 0.00148095
WFLOW 0.41 2.91293 0.494109 0.0830597 0.0297668 0.17564 0.00152384
WFLOW 0.42 2.91778 0.474652 0.0837287 0.0280993 0.174038 0.00155923
WFLOW 0.43 2.9223 0.456164 0.0843447 0.0264874 0.172409 0.00158733
WFLOW 0.44 2.9265 0.438592 0.0849114 0.0249338 0.170763 0.00160844
WFLOW 0.45 2.93041 0.421888 0.0854322 0.0234403 0.169106 0.00162293
WFLOW 0.46 2.93405 0.406005 0.0859107 0.0220079 0.167448 0.00163123
WFLOW 0.47 2.93746 0.3909 0.0863498 0.0206371 0.165794 0.00163376
WFLOW 0.48 2.94063 0.37653 0.0867524 0.0193276 0.16415 0.00163098
WFLOW 0.49 2.94359 0.362855 0.0871214 0.0180788 0.162521 0.00162335
WFLOW 0.5 2.94636 0.349837 0.0874592 0.0168897 0.160911 0.00161132
WFLOW 0.51 2.94895 0.33744 0.0877682 0.0157589 0.159324 0.00159533
WFLOW 0.52 2.95138 0.325631 0.0880506 0.014685 0.157761 0.0015758
WFLOW 0.53 2.95365 0.314377 0.0883084 0.0136661 0.156226 0.00155313
WFLOW 0.54 2.95578 0.303648 0.0885436 0.0127003 0.154721 0.00152771
WFLOW 0.55 2.95778 0.293415 0.0887579 0.0117857 0.153246 0.0014999
WFLOW 0.56 2.95966 0.283651 0.0889529 0.0109202 0.151804 0.00147004
WFLOW 0.57 2.96143 0.274331 0.0891301 0.0101016 0.150395 0.00143845
WFLOW 0.58 2.96308 0.265431 0.089291 0.00932784 0.14902 0.0014054
WFLOW 0.59 2.96465 0.256928 0.0894367 0.00859683 0.147679 0.00137118
WFLOW 0.6 2.96612 0.248801 0.0895684 0.00790649 0.146372 0.00133603
WFLOW 0.61 2.9675 0.24103 0.0896874 0.00725476 0.1451 0.00130017
WFLOW 0.62 2.96881 0.233596 0.0897945 0.00663965 0.143862 0.00126381
WFLOW 0.63 2.97005 0.226482 0.0898906 0.00605923 0.142658 0.00122714
WFLOW 0.64 2.97121 0.21967 0.0899768 0.00551163 0.141487 0.00119031
WFLOW 0.65 2.97232 0.213145 0.0900536 0.00499505 0.140349 0.00115349
WFLOW 0.66 2.97336 0.206891 0.0901219 0.00450777 0.139244 0.00111679
WFLOW 0.67 2.97435 0.200896 0.0901823 0.00404814 0.13817 0.00108035
WFLOW 0.68 2.97529 0.195146 0.0902355 0.00361457 0.137128 0.00104427
WFLOW 0.69 2.97618 0.189628 0.0902819 0.00320556 0.136116 0.00100862
WFLOW 0.7 2.97702 0.184331 0.0903222 0.00281969 0.135134 0.000973509
WFLOW 0.71 2.97782 0.179244 0.0903568 0.00245561 0.134181 0.000938987
WFLOW 0.72 2.97858 0.174356 0.0903861 0.00211202 0.133256 0.000905115
WFLOW 0.73 2.9793 0.169658 0.0904106 0.00178772 0.132359 0.000871943
WFLOW 0.74 2.97999 0.16514 0.0904306 0.00148156 0.131488 0.000839511
WFLOW 0.75 2.98065 0.160794 0.0904465 0.00119245 0.130643 0.000807852
WFLOW 0.76 2.98127 0.156611 0.0904586 0.000919381 0.129823 0.000776991
WFLOW 0.77 2.98186 0.152584 0.0904672 0.000661377 0.129028 0.000746948
WFLOW 0.78 2.98243 0.148706 0.0904726 0.000417537 0.128255 0.000717739
WFLOW 0.79 2.98297 0.144969 0.090475 0.000187008 0.127506 0.000689372
WFLOW 0.8 2.98349 0.141367 0.0904746 -3.10132e-05 0.126778 0.000661852
WFLOW 0.81 2.98399 0.137893 0.0904716 -0.00023728 0.126072 0.00063518
WFLOW 0.82 2.98446 0.134542 0.0904664 -0.000432502 0.125387 0.000609355
WFLOW 0.83 2.98491 0.131309 0.0904589 -0.000617344 0.124721 0.00058437
WFLOW 0.84 2.98535 0.128188 0.0904495 -0.000792434 0.124074 0.000560219
WFLOW 0.85 2.98576 0.125174 0.0904382 -0.000958358 0.123446 0.000536891
WFLOW 0.86 2.98616 0.122262 0.0904252 -0.00111567 0.122835 0.000514374
WFLOW 0.87 2.98654 0.119449 0.0904107 -0.00126488 0.122242 0.000492655
WFLOW 0.88 2.98691 0.116729 0.0903947 -0.00140649 0.121666 0.000471717
WFLOW 0.89 2.98726 0.114098 0.0903774 -0.00154094 0.121105 0.000451547
WFLOW 0.9 2.9876 0.111554 0.0903589 -0.00166867 0.12056 0.000432125
WFLOW 0.91 2.98792 0.109092 0.0903392 -0.00179009 0.12003 0.000413434
WFLOW 0.92 2.98823 0.106709 0.0903185 -0.00190556 0.119514 0.000395455
WFLOW 0.93 2.98853 0.104401 0.0902968 -0.00201544 0.119012 0.00037817
WFLOW 0.94 2.98882 0.102166 0.0902743 -0.00212008 0.118524 0.000361559
WFLOW 0.95 2.9891 0.100001 0.0902509 -0.00221978 0.118048 0.000345603
WFLOW 0.96 2.98937 0.0979023 0.0902268 -0.00231484 0.117585 0.000330281
WFLOW 0.97 2.98963 0.0958678 0.090202 -0.00240554 0.117134 0.000315575
WFLOW 0.98 2.98987 0.0938948 0.0901765 -0.00249213 0.116695 0.000301464
WFLOW 0.99 2.99011 0.091981 0.0901505 -0.00257488 0.116266 0.00028793
WFLOW 1 2.99035 0.090124 0.090124 -0.002654 0.115849 0.000274953
WFLOW 1.01 2.99057 0.0883217 0.090097 -0.00272973 0.115442 0.000262514
WFLOW 1.02 2.99079 0.086572 0.0900695 -0.00280225 0.115045 0.000250594
WFLOW 1.03 2.99099 0.0848729 0.0900416 -0.00287178 0.114657 0.000239174
WFLOW 1.04 2.9912 0.0832224 0.0900134 -0.00293849 0.114279 0.000228238
WFLOW 1.05 2.99139 0.0816188 0.0899848 -0.00300255 0.11391 0.000217767
WFLOW 1.06 2.99158 0.0800604 0.0899559 -0.00306414 0.11355 0.000207743
WFLOW 1.07 2.99176 0.0785454 0.0899267 -0.0031234 0.113198 0.000198151
WFLOW 1.08 2.99194 0.0770724 0.0898972 -0.00318048 0.112855 0.000188973
WFLOW 1.09 2.99211 0.0756397 0.0898675 -0.00323552 0.112519 0.000180194
WFLOW 1.1 2.99227 0.074246 0.0898376 -0.00328865 0.112191 0.000171798
WFLOW 1.11 2.99243 0.0728898 0.0898075 -0.00334 0.11187 0.000163771
WFLOW 1.12 2.99259 0.0715699 0.0897773 -0.00338968 0.111556 0.000156096
WFLOW 1.13 2.99274 0.070285 0.0897469 -0.00343781 0.111249 0.000148761
WFLOW 1.14 2.99289 0.0690338 0.0897163 -0.00348449 0.110949 0.000141752
WFLOW 1.15 2.99303 0.0678152 0.0896856 -0.00352981 0.110655 0.000135056
WFLOW 1.16 2.99316 0.0666281 0.0896548 -0.00357389 0.110368 0.000128658
WFLOW 1.17 2.9933 0.0654715 0.0896239 -0.0036168 0.110086 0.000122549
WFLOW 1.18 2.99343 0.0643442 0.0895929 -0.00365863 0.10981 0.000116714
WFLOW 1.19 2.99355 0.0632454 0.0895618 -0.00369947 0.10954 0.000111143
WFLOW 1.2 2.99368 0.062174 0.0895306 -0.00373938 0.109276 0.000105825
WFLOW 1.21 2.9938 0.0611293 0.0894994 -0.00377846 0.109016 0.000100749
WFLOW 1.22 2.99391 0.0601103 0.0894681 -0.00381676 0.108762 9.59052e-05
WFLOW 1.23 2.99402 0.0591161 0.0894368 -0.00385435 0.108513 9.12827e-05
WFLOW 1.24 2.99413 0.0581461 0.0894054 -0.0038913 0.108268 8.68725e-05
WFLOW 1.25 2.99424 0.0571993 0.089374 -0.00392766 0.108028 8.26654e-05
WFLOW 1.26 2.99434 0.0562752 0.0893425 -0.0039635 0.107793 7.86526e-05
WFLOW 1.27 2.99444 0.0553729 0.089311 -0.00399887 0.107562 7.48256e-05
WFLOW 1.28 2.99454 0.0544919 0.0892795 -0.00403382 0.107335 7.11762e-05
WFLOW 1.29 2.99464 0.0536314 0.089248 -0.0040684 0.107113 6.76967e-05
WFLOW 1.3 2.99473 0.0527908 0.0892164 -0.00410266 0.106894 6.43796e-05
WFLOW 1.31 2.99482 0.0519695 0.0891848 -0.00413665 0.106679 6.12176e-05
WFLOW 1.32 2.99491 0.0511669 0.0891532 -0.0041704 0.106468 5.82038e-05
WFLOW 1.33 2.99499 0.0503825 0.0891216 -0.00420396 0.106261 5.53317e-05
WFLOW 1.34 2.99508 0.0496157 0.08909 -0.00423736 0.106057 5.25948e-05
WFLOW 1.35 2.99516 0.0488661 0.0890584 -0.00427065 0.105857 4.99871e-05
WFLOW 1.36 2.99524 0.048133 0.0890267 -0.00430386 0.10566 4.75028e-05
WFLOW 1.37 2.99532 0.047416 0.0889951 -0.00433702 0.105466 4.51363e-05
WFLOW 1.38 2.99539 0.0467147 0.0889634 -0.00437017 0.105275 4.28821e-05
WFLOW 1.39 2.99547 0.0460285 0.0889317 -0.00440333 0.105088 4.07353e-05
WFLOW 1.4 2.99554 0.0453572 0.0889 -0.00443654 0.104903 3.86908e-05
WFLOW 1.41 2.99561 0.0447001 0.0888683 -0.00446982 0.104721 3.6744e-05
WFLOW 1.42 2.99568 0.044057 0.0888366 -0.00450319 0.104542 3.48905e-05
WFLOW 1.43 2.99575 0.0434275 0.0888049 -0.00453669 0.104366 3.31257e-05
WFLOW 1.44 2.99581 0.0428111 0.0887732 -0.00457034 0.104193 3.14458e-05
WFLOW 1.45 2.99588 0.0422076 0.0887414 -0.00460415 0.104022 2.98467e-05
WFLOW 1.46 2.99594 0.0416165 0.0887096 -0.00463815 0.103853 2.83247e-05
WFLOW 1.47 2.996 0.0410375 0.0886779 -0.00467236 0.103687 2.68762e-05
WFLOW 1.48 2.99606 0.0404703 0.0886461 -0.0047068 0.103524 2.54976e-05
WFLOW 1.49 2.99612 0.0399145 0.0886142 -0.00474149 0.103362 2.41859e-05
WFLOW 1.5 2.99618 0.03937 0.0885824 -0.00477644 0.103203 2.29377e-05
WFLOW 1.51 2.99623 0.0388362 0.0885505 -0.00481167 0.103046 2.17501e-05
WFLOW 1.52 2.99629 0.0383131 0.0885186 -0.00484719 0.102892 2.06203e-05
WFLOW 1.53 2.99634 0.0378003 0.0884867 -0.00488302 0.102739 1.95455e-05
WFLOW 1.54 2.9964 0.0372975 0.0884548 -0.00491917 0.102588 1.8523e-05
WFLOW 1.55 2.99645 0.0368045 0.0884228 -0.00495565 0.10244 1.75504e-05
WFLOW 1.56 2.9965 0.036321 0.0883908 -0.00499248 0.102293 1.66253e-05
WFLOW 1.57 2.99655 0.0358468 0.0883588 -0.00502966 0.102148 1.57454e-05
WFLOW 1.58 2.99659 0.0353816 0.0883267 -0.00506721 0.102005 1.49085e-05
WFLOW 1.59 2.99664 0.0349253 0.0882946 -0.00510513 0.101864 1.41126e-05
WFLOW 1.6 2.99669 0.0344775 0.0882624 -0.00514343 0.101724 1.33556e-05
WFLOW 1.61 2.99673 0.0340381 0.0882303 -0.00518213 0.101586 1.26358e-05
WFLOW 1.62 2.99678 0.0336069 0.088198 -0.00522123 0.10145 1.19512e-05
WFLOW 1.63 2.99682 0.0331837 0.0881658 -0.00526072 0.101315 1.13001e-05
WFLOW 1.64 2.99687 0.0327682 0.0881334 -0.00530063 0.101182 1.0681e-05
WFLOW 1.65 2.99691 0.0323604 0.0881011 -0.00534096 0.101051 1.00923e-05
WFLOW 1.66 2.99695 0.0319599 0.0880686 -0.00538171 0.100921 9.53241e-06
WFLOW 1.67 2.99699 0.0315666 0.0880362 -0.00542288 0.100792 8.99996e-06
WFLOW 1.68 2.99703 0.0311804 0.0880036 -0.00546448 0.100665 8.49359e-06
WFLOW 1.69 2.99707 0.0308011 0.0879711 -0.00550652 0.100539 8.01202e-06
WFLOW 1.7 2.9971 0.0304285 0.0879384 -0.00554899 0.100415 7.55401e-06
WFLOW 1.71 2.99714 0.0300625 0.0879057 -0.0055919 0.100291 7.11838e-06
WFLOW 1.72 2.99718 0.0297029 0.087873 -0.00563525 0.100169 6.70402e-06
WFLOW 1.73 2.99721 0.0293495 0.0878401 -0.00567904 0.100049 6.30987e-06
WFLOW 1.74 2.99725 0.0290023 0.0878072 -0.00572327 0.0999293 5.9349e-06
WFLOW 1.75 2.99728 0.028661 0.0877743 -0.00576795 0.0998111 5.57815e-06
WFLOW 1.76 2.99732 0.0283256 0.0877412 -0.00581307 0.0996939 5.23871e-06
WFLOW 1.77 2.99735 0.0279958 0.0877081 -0.00585864 0.099578 4.91569e-06
WFLOW 1.78 2.99738 0.0276717 0.087675 -0.00590465 0.0994631 4.60826e-06
WFLOW 1.79 2.99742 0.027353 0.0876417 -0.0059511 0.0993493 4.31564e-06
WFLOW 1.8 2.99745 0.0270396 0.0876084 -0.00599799 0.0992366 4.03705e-06
WFLOW 1.81 2.99748 0.0267315 0.087575 -0.00604533 0.0991248 3.7718e-06
WFLOW 1.82 2.99751 0.0264284 0.0875415 -0.0060931 0.0990141 3.51918e-06
WFLOW 1.83 2.99754 0.0261304 0.087508 -0.00614131 0.0989044 3.27856e-06
WFLOW 1.84 2.99757 0.0258372 0.0874743 -0.00618996 0.0987956 3.04931e-06
WFLOW 1.85 2.9976 0.0255488 0.0874406 -0.00623904 0.0986878 2.83085e-06
WFLOW 1.86 2.99763 0.025265 0.0874068 -0.00628855 0.0985808 2.62262e-06
WFLOW 1.87 2.99765 0.0249858 0.0873729 -0.00633849 0.0984748 2.42408e-06
WFLOW 1.88 2.99768 0.0247111 0.0873389 -0.00638885 0.0983696 2.23473e-06
WFLOW 1.89 2.99771 0.0244408 0.0873048 -0.00643963 0.0982653 2.0541e-06
WFLOW 1.9 2.99773 0.0241747 0.0872707 -0.00649084 0.0981618 1.88172e-06
WFLOW 1.91 2.99776 0.0239128 0.0872364 -0.00654245 0.0980591 1.71716e-06
WFLOW 1.92 2.99779 0.0236551 0.0872021 -0.00659448 0.0979572 1.56002e-06
WFLOW 1.93 2.99781 0.0234013 0.0871676 -0.00664691 0.097856 1.4099e-06
WFLOW 1.94 2.99784 0.0231515 0.0871331 -0.00669974 0.0977557 1.26644e-06
WFLOW 1.95 2.99786 0.0229056 0.0870985 -0.00675297 0.097656 1.12927e-06
WFLOW 1.96 2.99788 0.0226634 0.0870637 -0.00680659 0.0975571 9.98073e-07
WFLOW 1.97 2.99791 0.0224249 0.0870289 -0.00686061 0.0974589 8.72527e-07
WFLOW 1.98 2.99793 0.0221901 0.086994 -0.006915 0.0973614 7.52333e-07
WFLOW 1.99 2.99795 0.0219588 0.086959 -0.00696978 0.0972646 6.37206e-07
WFLOW 2 2.99798 0.021731 0.0869238 -0.00702492 0.0971684 5.26876e-07
WFLOW 2.01 2.998 0.0215066 0.0868886 -0.00708044 0.0970729 4.21089e-07
WFLOW 2.02 2.99802 0.0212855 0.0868533 -0.00713632 0.096978 3.19602e-07
WFLOW 2.03 2.99804 0.0210677 0.0868179 -0.00719255 0.0968837 2.22185e-07
WFLOW 2.04 2.99806 0.0208531 0.0867823 -0.00724914 0.09679 1.28622e-07
WFLOW 2.05 2.99808 0.0206417 0.0867467 -0.00730608 0.0966969 3.87069e-08
WFLOW 2.06 2.9981 0.0204333 0.0867109 -0.00736335 0.0966044 -4.77545e-08
WFLOW 2.07 2.99812 0.020228 0.0866751 -0.00742097 0.0965124 -1.30946e-07
WFLOW 2.08 2.99814 0.0200257 0.0866391 -0.00747891 0.096421 -2.11043e-07
WFLOW 2.09 2.99816 0.0198263 0.0866031 -0.00753717 0.0963301 -2.88209e-07
WFLOW 2.1 2.99818 0.0196297 0.0865669 -0.00759575 0.0962398 -3.62599e-07
WFLOW 2.11 2.9982 0.0194359 0.0865306 -0.00765464 0.0961499 -4.34362e-07
WFLOW 2.12 2.99822 0.0192449 0.0864942 -0.00771384 0.0960606 -5.03636e-07
WFLOW 2.13 2.99824 0.0190566 0.0864577 -0.00777334 0.0959718 -5.70551e-07
WFLOW 2.14 2.99826 0.0188709 0.0864211 -0.00783313 0.0958834 -6.35233e-07
WFLOW 2.15 2.99827 0.0186878 0.0863844 -0.00789321 0.0957956 -6.97797e-07
WFLOW 2.16 2.99829 0.0185073 0.0863476 -0.00795357 0.0957081 -7.58355e-07
WFLOW 2.17 2.99831 0.0183293 0.0863107 -0.0080142 0.0956212 -8.17009e-07
WFLOW 2.18 2.99832 0.0181537 0.0862736 -0.0080751 0.0955347 -8.73859e-07
WFLOW 2.19 2.99834 0.0179805 0.0862365 -0.00813626 0.0954486 -9.28996e-07
WFLOW 2.2 2.99836 0.0178098 0.0861992 -0.00819768 0.0953629 -9.82507e-07
WFLOW 2.21 2.99837 0.0176413 0.0861618 -0.00825935 0.0952777 -1.03448e-06
WFLOW 2.22 2.99839 0.0174751 0.0861244 -0.00832125 0.0951928 -1.08498e-06
WFLOW 2.23 2.99841 0.0173112 0.0860868 -0.0083834 0.0951084 -1.13408e-06
WFLOW 2.24 2.99842 0.0171494 0.0860491 -0.00844577 0.0950243 -1.18186e-06
WFLOW 2.25 2.99844 0.0169899 0.0860113 -0.00850837 0.0949406 -1.22838e-06
WFLOW 2.26 2.99845 0.0168324 0.0859733 -0.00857119 0.0948573 -1.2737e-06
WFLOW 2.27 2.99847 0.0166771 0.0859353 -0.00863421 0.0947744 -1.31787e-06
WFLOW 2.28 2.99848 0.0165238 0.0858971 -0.00869744 0.0946918 -1.36095e-06
WFLOW 2.29 2.9985 0.0163725 0.0858589 -0.00876086 0.0946096 -1.40299e-06
WFLOW 2.3 2.99851 0.0162232 0.0858205 -0.00882448 0.0945277 -1.44402e-06
WFLOW 2.31 2.99853 0.0160758 0.085782 -0.00888828 0.0944462 -1.48411e-06
WFLOW 2.32 2.99854 0.0159303 0.0857435 -0.00895226 0.094365 -1.52329e-06
WFLOW 2.33 2.99855 0.0157868 0.0857048 -0.00901641 0.0942841 -1.56159e-06
WFLOW 2.34 2.99857 0.015645 0.085666 -0.00908072 0.0942035 -1.59905e-06
WFLOW 2.35 2.99858 0.0155051 0.085627 -0.00914519 0.0941232 -1.63571e-06
WFLOW 2.36 2.99859 0.015367 0.085588 -0.00920982 0.0940433 -1.67159e-06
WFLOW 2.37 2.99861 0.0152306 0.0855489 -0.00927458 0.0939636 -1.70673e-06
WFLOW 2.38 2.99862 0.015096 0.0855096 -0.00933949 0.0938842 -1.74115e-06
WFLOW 2.39 2.99863 0.014963 0.0854703 -0.00940453 0.0938051 -1.77488e-06
WFLOW 2.4 2.99864 0.0148317 0.0854308 -0.0094697 0.0937263 -1.80794e-06
WFLOW 2.41 2.99866 0.0147021 0.0853913 -0.00953499 0.0936478 -1.84036e-06
WFLOW 2.42 2.99867 0.0145741 0.0853516 -0.00960039 0.0935696 -1.87214e-06
WFLOW 2.43 2.99868 0.0144476 0.0853118 -0.0096659 0.0934916 -1.90332e-06
WFLOW 2.44 2.99869 0.0143228 0.0852719 -0.00973151 0.0934138 -1.93391e-06
WFLOW 2.45 2.9987 0.0141994 0.0852319 -0.00979721 0.0933363 -1.96392e-06
WFLOW 2.46 2.99872 0.0140776 0.0851919 -0.009863 0.0932591 -1.99337e-06
WFLOW 2.47 2.99873 0.0139572 0.0851517 -0.00992887 0.0931821 -2.02228e-06
WFLOW 2.48 2.99874 0.0138383 0.0851114 -0.00999482 0.0931054 -2.05065e-06
WFLOW 2.49 2.99875 0.0137209 0.0850709 -0.0100608 0.0930289 -2.0785e-06
WFLOW 2.5 2.99876 0.0136049 0.0850304 -0.0101269 0.0929526 -2.10585e-06
WFLOW 2.51 2.99877 0.0134902 0.0849898 -0.0101931 0.0928766 -2.13269e-06
WFLOW 2.52 2.99878 0.013377 0.0849491 -0.0102593 0.0928008 -2.15904e-06
WFLOW 2.53 2.99879 0.0132651 0.0849083 -0.0103255 0.0927252 -2.18491e-06
WFLOW 2.54 2.9988 0.0131545 0.0848674 -0.0103918 0.0926498 -2.2103e-06
WFLOW 2.55 2.99881 0.0130452 0.0848264 -0.0104581 0.0925746 -2.23523e-06
WFLOW 2.56 2.99882 0.0129372 0.0847853 -0.0105244 0.0924996 -2.25969e-06
WFLOW 2.57 2.99883 0.0128305 0.0847441 -0.0105908 0.0924249 -2.2837e-06
WFLOW 2.58 2.99884 0.012725 0.0847028 -0.0106572 0.0923503 -2.30726e-06
WFLOW 2.59 2.99885 0.0126208 0.0846614 -0.0107235 0.0922759 -2.33037e-06
WFLOW 2.6 2.99886 0.0125177 0.0846199 -0.0107899 0.0922018 -2.35305e-06
WFLOW 2.61 2.99887 0.0124159 0.0845783 -0.0108563 0.0921278 -2.37528e-06
WFLOW 2.62 2.99888 0.0123152 0.0845366 -0.0109227 0.092054 -2.39709e-06
WFLOW 2.63 2.99889 0.0122157 0.0844948 -0.010989 0.0919804 -2.41847e-06
WFLOW 2.64 2.9989 0.0121173 0.0844529 -0.0110554 0.091907 -2.43942e-06
WFLOW 2.65 2.99891 0.0120201 0.0844109 -0.0111217 0.0918337 -2.45994e-06
WFLOW 2.66 2.99892 0.0119239 0.0843689 -0.011188 0.0917607 -2.48005e-06
WFLOW 2.67 2.99893 0.0118289 0.0843267 -0.0112542 0.0916878 -2.49974e-06
WFLOW 2.68 2.99894 0.0117349 0.0842845 -0.0113205 0.091615 -2.51901e-06
WFLOW 2.69 2.99895 0.0116419 0.0842422 -0.0113866 0.0915425 -2.53787e-06
WFLOW 2.7 2.99895 0.01155 0.0841997 -0.0114527 0.0914701 -2.55632e-06
WFLOW 2.71 2.99896 0.0114592 0.0841572 -0.0115188 0.0913979 -2.57435e-06
WFLOW 2.72 2.99897 0.0113693 0.0841146 -0.0115848 0.0913258 -2.59198e-06
WFLOW 2.73 2.99898 0.0112804 0.084072 -0.0116507 0.0912539 -2.6092e-06
WFLOW 2.74 2.99899 0.0111926 0.0840292 -0.0117165 0.0911821 -2.62601e-06
WFLOW 2.75 2.999 0.0111056 0.0839864 -0.0117823 0.0911105 -2.64242e-06
WFLOW 2.76 2.999 0.0110197 0.0839434 -0.011848 0.091039 -2.65842e-06
WFLOW 2.77 2.99901 0.0109346 0.0839004 -0.0119136 0.0909677 -2.67402e-06
WFLOW 2.78 2.99902 0.0108505 0.0838573 -0.0119791 0.0908966 -2.68921e-06
WFLOW 2.79 2.99903 0.0107674 0.0838142 -0.0120445 0.0908256 -2.70401e-06
WFLOW 2.8 2.99904 0.0106851 0.0837709 -0.0121098 0.0907547 -2.7184e-06
WFLOW 2.81 2.99904 0.0106037 0.0837276 -0.0121749 0.090684 -2.7324e-06
WFLOW 2.82 2.99905 0.0105231 0.0836842 -0.01224 0.0906134 -2.746e-06
WFLOW 2.83 2.99906 0.0104435 0.0836407 -0.012305 0.0905429 -2.7592e-06
WFLOW 2.84 2.99907 0.0103647 0.0835971 -0.0123698 0.0904726 -2.772e-06
WFLOW 2.85 2.99907 0.0102867 0.0835535 -0.0124345 0.0904024 -2.78441e-06
WFLOW 2.86 2.99908 0.0102095 0.0835098 -0.012499 0.0903324 -2.79642e-06
WFLOW 2.87 2.99909 0.0101332 0.083466 -0.0125634 0.0902624 -2.80804e-06
WFLOW 2.88 2.99909 0.0100577 0.0834222 -0.0126277 0.0901926 -2.81927e-06
WFLOW 2.89 2.9991 0.00998291 0.0833783 -0.0126918 0.090123 -2.83011e-06
WFLOW 2.9 2.99911 0.00990895 0.0833343 -0.0127558 0.0900534 -2.84055e-06
WFLOW 2.91 2.99911 0.00983576 0.0832902 -0.0128196 0.089984 -2.85061e-06
WFLOW 2.92 2.99912 0.00976334 0.0832461 -0.0128832 0.0899147 -2.86028e-06
WFLOW 2.93 2.99913 0.00969166 0.0832019 -0.0129467 0.0898456 -2.86956e-06
WFLOW 2.94 2.99913 0.00962072 0.0831577 -0.01301 0.0897765 -2.87845e-06
WFLOW 2.95 2.99914 0.00955052 0.0831134 -0.0130731 0.0897076 -2.88697e-06
WFLOW 2.96 2.99915 0.00948103 0.083069 -0.0131361 0.0896388 -2.89509e-06
WFLOW 2.97 2.99915 0.00941225 0.0830245 -0.0131988 0.0895701 -2.90284e-06
WFLOW 2.98 2.99916 0.00934418 0.08298 -0.0132614 0.0895015 -2.91021e-06
WFLOW 2.99 2.99917 0.0092768 0.0829355 -0.0133238 0.089433 -2.9172e-06
WFLOW 3 2.99917 0.0092101 0.0828909 -0.013386 0.0893647 -2.92381e-06
WFLOW 3.01 2.99918 0.00914407 0.0828462 -0.0134479 0.0892964 -2.93005e-06
WFLOW 3.02 2.99918 0.00907871 0.0828015 -0.0135097 0.0892283 -2.93592e-06
WFLOW 3.03 2.99919 0.009014 0.0827567 -0.0135713 0.0891603 -2.94141e-06
WFLOW 3.04 2.9992 0.00894995 0.0827118 -0.0136326 0.0890924 -2.94654e-06
WFLOW 3.05 2.9992 0.00888653 0.0826669 -0.0136937 0.0890246 -2.9513e-06
WFLOW 3.06 2.99921 0.00882374 0.082622 -0.0137546 0.0889569 -2.95569e-06
WFLOW 3.07 2.99921 0.00876158 0.082577 -0.0138153 0.0888893 -2.95972e-06
WFLOW 3.08 2.99922 0.00870003 0.0825319 -0.0138757 0.0888219 -2.96339e-06
WFLOW 3.09 2.99923 0.00863908 0.0824868 -0.0139359 0.0887545 -2.9667e-06
WFLOW 3.1 2.99923 0.00857874 0.0824417 -0.0139959 0.0886872 -2.96966e-06
WFLOW 3.11 2.99924 0.00851898 0.0823965 -0.0140556 0.0886201 -2.97226e-06
WFLOW 3.12 2.99924 0.00845982 0.0823512 -0.014115 0.088553 -2.97451e-06
WFLOW 3.13 2.99925 0.00840122 0.0823059 -0.0141743 0.0884861 -2.97641e-06
WFLOW 3.14 2.99925 0.0083432 0.0822606 -0.0142332 0.0884192 -2.97797e-06
WFLOW 3.15 2.99926 0.00828574 0.0822152 -0.0142919 0.0883525 -2.97918e-06
WFLOW 3.16 2.99926 0.00822883 0.0821698 -0.0143504 0.0882859 -2.98005e-06
WFLOW 3.17 2.99927 0.00817247 0.0821244 -0.0144085 0.0882193 -2.98058e-06
WFLOW 3.18 2.99927 0.00811666 0.0820789 -0.0144665 0.0881529 -2.98078e-06
WFLOW 3.19 2.99928 0.00806138 0.0820334 -0.0145241 0.0880865 -2.98064e-06
WFLOW 3.2 2.99928 0.00800662 0.0819878 -0.0145814 0.0880203 -2.98018e-06
WFLOW 3.21 2.99929 0.00795239 0.0819422 -0.0146385 0.0879542 -2.97939e-06
WFLOW 3.22 2.99929 0.00789867 0.0818966 -0.0146953 0.0878881 -2.97827e-06
WFLOW 3.23 2.9993 0.00784546 0.0818509 -0.0147518 0.0878222 -2.97684e-06
WFLOW 3.24 2.9993 0.00779275 0.0818052 -0.014808 0.0877563 -2.97508e-06
WFLOW 3.25 2.99931 0.00774054 0.0817594 -0.014864 0.0876906 -2.97302e-06
WFLOW 3.26 2.99931 0.00768882 0.0817137 -0.0149196 0.0876249 -2.97064e-06
WFLOW 3.27 2.99932 0.00763758 0.0816679 -0.0149749 0.0875594 -2.96795e-06
WFLOW 3.28 2.99932 0.00758682 0.0816221 -0.0150299 0.0874939 -2.96496e-06
WFLOW 3.29 2.99933 0.00753654 0.0815762 -0.0150846 0.0874286 -2.96166e-06
WFLOW 3.3 2.99933 0.00748672 0.0815303 -0.0151391 0.0873633 -2.95807e-06
WFLOW 3.31 2.99934 0.00743736 0.0814844 -0.0151931 0.0872981 -2.95419e-06
WFLOW 3.32 2.99934 0.00738846 0.0814385 -0.0152469 0.0872331 -2.95001e-06
WFLOW 3.33 2.99934 0.00734 0.0813926 -0.0153004 0.0871681 -2.94554e-06
WFLOW 3.34 2.99935 0.007292 0.0813466 -0.0153535 0.0871032 -2.94079e-06
WFLOW 3.35 2.99935 0.00724443 0.0813006 -0.0154063 0.0870384 -2.93576e-06
WFLOW 3.36 2.99936 0.0071973 0.0812546 -0.0154588 0.0869738 -2.93046e-06
WFLOW 3.37 2.99936 0.00715059 0.0812086 -0.015511 0.0869092 -2.92487e-06
WFLOW 3.38 2.99937 0.00710431 0.0811625 -0.0155628 0.0868447 -2.91902e-06
WFLOW 3.39 2.99937 0.00705845 0.0811165 -0.0156143 0.0867803 -2.9129e-06
WFLOW 3.4 2.99937 0.00701301 0.0810704 -0.0156654 0.086716 -2.90652e-06
WFLOW 3.41 2.99938 0.00696797 0.0810243 -0.0157162 0.0866518 -2.89988e-06
WFLOW 3.42 2.99938 0.00692334 0.0809782 -0.0157667 0.0865876 -2.89298e-06
WFLOW 3.43 2.99939 0.00687911 0.0809321 -0.0158168 0.0865236 -2.88583e-06
WFLOW 3.44 2.99939 0.00683528 0.080886 -0.0158666 0.0864597 -2.87844e-06
WFLOW 3.45 2.9994 0.00679184 0.0808398 -0.015916 0.0863959 -2.87079e-06
WFLOW 3.46 2.9994 0.00674878 0.0807937 -0.015965 0.0863321 -2.86291e-06
WFLOW 3.47 2.9994 0.00670611 0.0807475 -0.0160137 0.0862685 -2.85479e-06
WFLOW 3.48 2.99941 0.00666381 0.0807014 -0.0160621 0.0862049 -2.84643e-06
WFLOW 3.49 2.99941 0.00662189 0.0806552 -0.01611 0.0861415 -2.83785e-06
WFLOW 3.5 2.99941 0.00658033 0.0806091 -0.0161577 0.0860781 -2.82904e-06
WFLOW 3.51 2.99942 0.00653914 0.0805629 -0.0162049 0.0860149 -2.82e-06
WFLOW 3.52 2.99942 0.00649831 0.0805167 -0.0162518 0.0859517 -2.81075e-06
WFLOW 3.53 2.99943 0.00645784 0.0804706 -0.0162983 0.0858886 -2.80128e-06
WFLOW 3.54 2.99943 0.00641773 0.0804244 -0.0163444 0.0858256 -2.7916e-06
WFLOW 3.55 2.99943 0.00637796 0.0803782 -0.0163902 0.0857628 -2.78172e-06
WFLOW 3.56 2.99944 0.00633853 0.080332 -0.0164355 0.0857 -2.77163e-06
WFLOW 3.57 2.99944 0.00629945 0.0802859 -0.0164805 0.0856373 -2.76134e-06
WFLOW 3.58 2.99944 0.00626071 0.0802397 -0.0165251 0.0855747 -2.75085e-06
WFLOW 3.59 2.99945 0.0062223 0.0801936 -0.0165694 0.0855122 -2.74017e-06
WFLOW 3.6 2.99945 0.00618421 0.0801474 -0.0166132 0.0854498 -2.7293e-06
WFLOW 3.61 2.99945 0.00614646 0.0801013 -0.0166567 0.0853875 -2.71825e-06
WFLOW 3.62 2.99946 0.00610903 0.0800551 -0.0166997 0.0853253 -2.70701e-06
WFLOW 3.63 2.99946 0.00607192 0.080009 -0.0167424 0.0852632 -2.6956e-06
WFLOW 3.64 2.99946 0.00603512 0.0799629 -0.0167847 0.0852012 -2.68401e-06
WFLOW 3.65 2.99947 0.00599863 0.0799168 -0.0168265 0.0851392 -2.67225e-06
WFLOW 3.66 2.99947 0.00596246 0.0798707 -0.016868 0.0850774 -2.66033e-06
WFLOW 3.67 2.99947 0.00592659 0.0798247 -0.0169091 0.0850157 -2.64824e-06
WFLOW 3.68 2.99948 0.00589102 0.0797786 -0.0169498 0.0849541 -2.63599e-06
WFLOW 3.69 2.99948 0.00585576 0.0797325 -0.01699 0.0848926 -2.62359e-06
WFLOW 3.7 2.99948 0.00582078 0.0796865 -0.0170299 0.0848311 -2.61103e-06
WFLOW 3.71 2.99949 0.0057861 0.0796405 -0.0170693 0.0847698 -2.59832e-06
WFLOW 3.72 2.99949 0.00575171 0.0795945 -0.0171084 0.0847086 -2.58547e-06
WFLOW 3.73 2.99949 0.00571761 0.0795486 -0.017147 0.0846474 -2.57248e-06
WFLOW 3.74 2.9995 0.00568379 0.0795026 -0.0171852 0.0845864 -2.55935e-06
WFLOW 3.75 2.9995 0.00565025 0.0794567 -0.0172231 0.0845255 -2.54608e-06
WFLOW 3.76 2.9995 0.00561699 0.0794108 -0.0172604 0.0844646 -2.53268e-06
WFLOW 3.77 2.99951 0.005584 0.0793649 -0.0172974 0.0844039 -2.51916e-06
WFLOW 3.78 2.99951 0.00555129 0.079319 -0.017334 0.0843433 -2.50551e-06
WFLOW 3.79 2.99951 0.00551884 0.0792732 -0.0173701 0.0842827 -2.49174e-06
WFLOW 3.8 2.99951 0.00548666 0.0792274 -0.0174058 0.0842223 -2.47785e-06
WFLOW 3.81 2.99952 0.00545474 0.0791816 -0.0174411 0.084162 -2.46384e-06
WFLOW 3.82 2.99952 0.00542309 0.0791359 -0.017476 0.0841017 -2.44973e-06
WFLOW 3.83 2.99952 0.00539169 0.0790901 -0.0175104 0.0840416 -2.43551e-06
WFLOW 3.84 2.99953 0.00536055 0.0790445 -0.0175444 0.0839816 -2.42118e-06
WFLOW 3.85 2.99953 0.00532965 0.0789988 -0.017578 0.0839217 -2.40675e-06
WFLOW 3.86 2.99953 0.00529901 0.0789532 -0.0176112 0.0838618 -2.39222e-06
WFLOW 3.87 2.99953 0.00526862 0.0789076 -0.0176439 0.0838021 -2.3776e-06
WFLOW 3.88 2.99954 0.00523847 0.078862 -0.0176762 0.0837425 -2.36289e-06
WFLOW 3.89 2.99954 0.00520856 0.0788165 -0.0177081 0.083683 -2.34809e-06
WFLOW 3.9 2.99954 0.0051789 0.078771 -0.0177395 0.0836236 -2.3332e-06
WFLOW 3.91 2.99954 0.00514947 0.0787256 -0.0177705 0.0835643 -2.31823e-06
WFLOW 3.92 2.99955 0.00512027 0.0786802 -0.017801 0.0835051 -2.30318e-06
WFLOW 3.93 2.99955 0.00509131 0.0786348 -0.0178311 0.083446 -2.28806e-06
WFLOW 3.94 2.99955 0.00506258 0.0785895 -0.0178608 0.083387 -2.27286e-06
WFLOW 3.95 2.99955 0.00503408 0.0785442 -0.01789 0.0833282 -2.2576e-06
WFLOW 3.96 2.99956 0.0050058 0.0784989 -0.0179188 0.0832694 -2.24226e-06
WFLOW 3.97 2.99956 0.00497774 0.0784537 -0.0179472 0.0832107 -2.22686e-06
WFLOW 3.98 2.99956 0.00494991 0.0784085 -0.0179751 0.0831522 -2.2114e-06
WFLOW 3.99 2.99957 0.00492229 0.0783634 -0.0180025 0.0830937 -2.19588e-06
WFLOW 4 2.99957 0.0048949 0.0783184 -0.0180296 0.0830354 -2.18031e-06
WFLOW 4.01 2.99957 0.00486771 0.0782733 -0.0180561 0.0829771 -2.16468e-06
WFLOW 4.02 2.99957 0.00484074 0.0782283 -0.0180823 0.082919 -2.149e-06
WFLOW 4.03 2.99957 0.00481398 0.0781834 -0.018108 0.082861 -2.13327e-06
WFLOW 4.04 2.99958 0.00478743 0.0781385 -0.0181332 0.0828031 -2.1175e-06
WFLOW 4.05 2.99958 0.00476108 0.0780937 -0.018158 0.0827453 -2.10169e-06
WFLOW 4.06 2.99958 0.00473494 0.0780489 -0.0181823 0.0826876 -2.08584e-06
WFLOW 4.07 2.99958 0.004709 0.0780042 -0.0182062 0.08263 -2.06995e-06
WFLOW 4.08 2.99959 0.00468326 0.0779595 -0.0182296 0.0825725 -2.05403e-06
WFLOW 4.09 2.99959 0.00465772 0.0779149 -0.0182526 0.0825152 -2.03807e-06
WFLOW 4.1 2.99959 0.00463238 0.0778703 -0.0182751 0.0824579 -2.02209e-06
WFLOW 4.11 2.99959 0.00460723 0.0778258 -0.0182972 0.0824008 -2.00608e-06
WFLOW 4.12 2.9996 0.00458227 0.0777813 -0.0183188 0.0823438 -1.99004e-06
WFLOW 4.13 2.9996 0.0045575 0.0777369 -0.01834 0.0822869 -1.97399e-06
WFLOW 4.14 2.9996 0.00453293 0.0776926 -0.0183607 0.0822301 -1.95791e-06
WFLOW 4.15 2.9996 0.00450854 0.0776483 -0.018381 0.0821734 -1.94182e-06
WFLOW 4.16 2.9996 0.00448433 0.077604 -0.0184008 0.0821168 -1.92571e-06
WFLOW 4.17 2.99961 0.00446031 0.0775599 -0.0184202 0.0820603 -1.90959e-06
WFLOW 4.18 2.99961 0.00443647 0.0775157 -0.0184391 0.082004 -1.89346e-06
WFLOW 4.19 2.99961 0.00441281 0.0774717 -0.0184575 0.0819478 -1.87732e-06
WFLOW 4.2 2.99961 0.00438933 0.0774277 -0.0184755 0.0818917 -1.86117e-06
WFLOW 4.21 2.99962 0.00436602 0.0773838 -0.018493 0.0818357 -1.84502e-06
WFLOW 4.22 2.99962 0.00434289 0.0773399 -0.0185101 0.0817798 -1.82887e-06
WFLOW 4.23 2.99962 0.00431993 0.0772961 -0.0185267 0.081724 -1.81272e-06
WFLOW 4.24 2.99962 0.00429715 0.0772524 -0.0185428 0.0816684 -1.79658e-06
WFLOW 4.25 2.99962 0.00427453 0.0772087 -0.0185585 0.0816128 -1.78043e-06
WFLOW 4.26 2.99963 0.00425208 0.0771651 -0.0185738 0.0815574 -1.7643e-06
WFLOW 4.27 2.99963 0.0042298 0.0771216 -0.0185886 0.0815021 -1.74817e-06
WFLOW 4.28 2.99963 0.00420769 0.0770781 -0.0186029 0.081447 -1.73206e-06
WFLOW 4.29 2.99963 0.00418574 0.0770347 -0.0186167 0.0813919 -1.71595e-06
WFLOW 4.3 2.99963 0.00416395 0.0769914 -0.0186301 0.081337 -1.69986e-06
WFLOW 4.31 2.99964 0.00414232 0.0769481 -0.0186431 0.0812821 -1.68379e-06
WFLOW 4.32 2.99964 0.00412085 0.076905 -0.0186556 0.0812274 -1.66774e-06
WFLOW 4.33 2.99964 0.00409954 0.0768618 -0.0186676 0.0811729 -1.6517e-06
WFLOW 4.34 2.99964 0.00407838 0.0768188 -0.0186792 0.0811184 -1.63569e-06
WFLOW 4.35 2.99964 0.00405738 0.0767758 -0.0186903 0.0810641 -1.6197e-06
WFLOW 4.36 2.99964 0.00403654 0.0767329 -0.0187009 0.0810098 -1.60374e-06
WFLOW 4.37 2.99965 0.00401584 0.0766901 -0.0187111 0.0809557 -1.5878e-06
WFLOW 4.38 2.99965 0.0039953 0.0766474 -0.0187208 0.0809018 -1.57189e-06
WFLOW 4.39 2.99965 0.0039749 0.0766047 -0.0187301 0.0808479 -1.55601e-06
WFLOW 4.4 2.99965 0.00395466 0.0765621 -0.0187389 0.0807942 -1.54016e-06
WFLOW 4.41 2.99965 0.00393456 0.0765196 -0.0187472 0.0807406 -1.52435e-06
WFLOW 4.42 2.99966 0.0039146 0.0764772 -0.0187551 0.0806871 -1.50857e-06
WFLOW 4.43 2.99966 0.00389479 0.0764348 -0.0187625 0.0806337 -1.49283e-06
WFLOW 4.44 2.99966 0.00387512 0.0763926 -0.0187695 0.0805805 -1.47712e-06
WFLOW 4.45 2.99966 0.00385559 0.0763504 -0.018776 0.0805274 -1.46146e-06
WFLOW 4.46 2.99966 0.00383621 0.0763083 -0.0187821 0.0804744 -1.44583e-06
WFLOW 4.47 2.99966 0.00381696 0.0762662 -0.0187877 0.0804215 -1.43025e-06
WFLOW 4.48 2.99967 0.00379785 0.0762243 -0.0187928 0.0803688 -1.41471e-06
WFLOW 4.49 2.99967 0.00377887 0.0761824 -0.0187975 0.0803162 -1.39922e-06
WFLOW 4.5 2.99967 0.00376003 0.0761406 -0.0188017 0.0802637 -1.38377e-06
WFLOW 4.51 2.99967 0.00374133 0.0760989 -0.0188055 0.0802114 -1.36837e-06
WFLOW 4.52 2.99967 0.00372275 0.0760573 -0.0188088 0.0801591 -1.35302e-06
WFLOW 4.53 2.99967 0.00370431 0.0760158 -0.0188116 0.080107 -1.33772e-06
WFLOW 4.54 2.99968 0.003686 0.0759744 -0.018814 0.0800551 -1.32246e-06
WFLOW 4.55 2.99968 0.00366782 0.075933 -0.0188159 0.0800032 -1.30727e-06
WFLOW 4.56 2.99968 0.00364976 0.0758917 -0.0188174 0.0799515 -1.29212e-06
WFLOW 4.57 2.99968 0.00363184 0.0758506 -0.0188184 0.0798999 -1.27703e-06
WFLOW 4.58 2.99968 0.00361404 0.0758095 -0.018819 0.0798485 -1.262e-06
WFLOW 4.59 2.99968 0.00359636 0.0757685 -0.0188191 0.0797971 -1.24702e-06
WFLOW 4.6 2.99969 0.00357881 0.0757276 -0.0188188 0.0797459 -1.2321e-06
WFLOW 4.61 2.99969 0.00356138 0.0756867 -0.018818 0.0796949 -1.21724e-06
WFLOW 4.62 2.99969 0.00354407 0.075646 -0.0188167 0.0796439 -1.20243e-06
WFLOW 4.63 2.99969 0.00352688 0.0756054 -0.018815 0.0795931 -1.18769e-06
WFLOW 4.64 2.99969 0.00350981 0.0755648 -0.0188129 0.0795425 -1.17302e-06
WFLOW 4.65 2.99969 0.00349286 0.0755244 -0.0188103 0.0794919 -1.1584e-06
WFLOW 4.66 2.9997 0.00347603 0.075484 -0.0188072 0.0794415 -1.14385e-06
WFLOW 4.67 2.9997 0.00345931 0.0754438 -0.0188037 0.0793912 -1.12936e-06
WFLOW 4.68 2.9997 0.00344271 0.0754036 -0.0187997 0.0793411 -1.11494e-06
WFLOW 4.69 2.9997 0.00342622 0.0753635 -0.0187953 0.0792911 -1.10058e-06
WFLOW 4.7 2.9997 0.00340985 0.0753235 -0.0187905 0.0792412 -1.0863e-06
WFLOW 4.71 2.9997 0.00339359 0.0752836 -0.0187852 0.0791914 -1.07208e-06
WFLOW 4.72 2.9997 0.00337744 0.0752439 -0.0187794 0.0791418 -1.05793e-06
WFLOW 4.73 2.99971 0.0033614 0.0752042 -0.0187732 0.0790923 -1.04384e-06
WFLOW 4.74 2.99971 0.00334547 0.0751646 -0.0187666 0.079043 -1.02983e-06
WFLOW 4.75 2.99971 0.00332964 0.0751251 -0.0187595 0.0789938 -1.01589e-06
WFLOW 4.76 2.99971 0.00331393 0.0750857 -0.0187519 0.0789447 -1.00203e-06
WFLOW 4.77 2.99971 0.00329832 0.0750464 -0.0187439 0.0788958 -9.88229e-07
WFLOW 4.78 2.99971 0.00328282 0.0750072 -0.0187355 0.078847 -9.74507e-07
WFLOW 4.79 2.99971 0.00326742 0.0749681 -0.0187266 0.0787983 -9.60858e-07
WFLOW 4.8 2.99972 0.00325213 0.0749291 -0.0187173 0.0787497 -9.47283e-07
WFLOW 4.81 2.99972 0.00323694 0.0748902 -0.0187076 0.0787014 -9.33784e-07
WFLOW 4.82 2.99972 0.00322185 0.0748514 -0.0186974 0.0786531 -9.2036e-07
WFLOW 4.83 2.99972 0.00320687 0.0748127 -0.0186867 0.078605 -9.07012e-07
WFLOW 4.84 2.99972 0.00319198 0.0747741 -0.0186757 0.078557 -8.93741e-07
WFLOW 4.85 2.99972 0.0031772 0.0747357 -0.0186642 0.0785091 -8.80547e-07
WFLOW 4.86 2.99972 0.00316251 0.0746973 -0.0186522 0.0784614 -8.67431e-07
WFLOW 4.87 2.99972 0.00314792 0.074659 -0.0186398 0.0784139 -8.54393e-07
WFLOW 4.88 2.99973 0.00313343 0.0746208 -0.018627 0.0783664 -8.41434e-07
WFLOW 4.89 2.99973 0.00311904 0.0745828 -0.0186137 0.0783191 -8.28554e-07
WFLOW 4.9 2.99973 0.00310474 0.0745448 -0.0186 0.078272 -8.15753e-07
WFLOW 4.91 2.99973 0.00309054 0.074507 -0.0185859 0.078225 -8.03033e-07
WFLOW 4.92 2.99973 0.00307643 0.0744692 -0.0185714 0.0781781 -7.90393e-07
WFLOW 4.93 2.99973 0.00306241 0.0744316 -0.0185564 0.0781313 -7.77834e-07
WFLOW 4.94 2.99973 0.00304849 0.074394 -0.018541 0.0780847 -7.65357e-07
WFLOW 4.95 2.99973 0.00303465 0.0743566 -0.0185251 0.0780383 -7.5296e-07
WFLOW 4.96 2.99974 0.00302091 0.0743193 -0.0185088 0.077992 -7.40646e-07
WFLOW 4.97 2.99974 0.00300726 0.0742821 -0.0184921 0.0779458 -7.28414e-07
WFLOW 4.98 2.99974 0.0029937 0.074245 -0.018475 0.0778998 -7.16265e-07
WFLOW 4.99 2.99974 0.00298023 0.074208 -0.0184574 0.0778539 -7.04198e-07
WFLOW 5 2.99974 0.00296685 0.0741711 -0.0184395 0.0778081 -6.92215e-07
WFLOW 5.01 2.99974 0.00295355 0.0741344 -0.018421 0.0777625 -6.80315e-07
WFLOW 5.02 2.99974 0.00294034 0.0740977 -0.0184022 0.077717 -6.68498e-07
WFLOW 5.03 2.99974 0.00292721 0.0740612 -0.018383 0.0776717 -6.56766e-07
WFLOW 5.04 2.99975 0.00291418 0.0740247 -0.0183633 0.0776265 -6.45117e-07
WFLOW 5.05 2.99975 0.00290122 0.0739884 -0.0183432 0.0775815 -6.33554e-07
WFLOW 5.06 2.99975 0.00288835 0.0739522 -0.0183227 0.0775366 -6.22074e-07
WFLOW 5.07 2.99975 0.00287556 0.0739161 -0.0183018 0.0774918 -6.10679e-07
WFLOW 5.08 2.99975 0.00286286 0.0738801 -0.0182804 0.0774472 -5.9937e-07
WFLOW 5.09 2.99975 0.00285024 0.0738442 -0.0182587 0.0774027 -5.88145e-07
WFLOW 5.1 2.99975 0.0028377 0.0738085 -0.0182365 0.0773584 -5.77005e-07
WFLOW 5.11 2.99975 0.00282524 0.0737728 -0.0182139 0.0773142 -5.65951e-07
WFLOW 5.12 2.99975 0.00281285 0.0737373 -0.0181909 0.0772702 -5.54982e-07
WFLOW 5.13 2.99976 0.00280055 0.0737019 -0.0181675 0.0772263 -5.44099e-07
WFLOW 5.14 2.99976 0.00278833 0.0736666 -0.0181437 0.0771826 -5.33302e-07
WFLOW 5.15 2.99976 0.00277619 0.0736314 -0.0181194 0.077139 -5.2259e-07
WFLOW 5.16 2.99976 0.00276412 0.0735963 -0.0180948 0.0770955 -5.11964e-07
WFLOW 5.17 2.99976 0.00275213 0.0735614 -0.0180698 0.0770522 -5.01424e-07
WFLOW 5.18 2.99976 0.00274022 0.0735266 -0.0180443 0.077009 -4.90969e-07
WFLOW 5.19 2.99976 0.00272838 0.0734918 -0.0180185 0.076966 -4.80601e-07
WFLOW 5.2 2.99976 0.00271661 0.0734572 -0.0179922 0.0769231 -4.70319e-07
WFLOW 5.21 2.99976 0.00270492 0.0734228 -0.0179656 0.0768804 -4.60123e-07
WFLOW 5.22 2.99977 0.00269331 0.0733884 -0.0179385 0.0768378 -4.50012e-07
WFLOW 5.23 2.99977 0.00268177 0.0733541 -0.0179111 0.0767954 -4.39988e-07
WFLOW 5.24 2.99977 0.0026703 0.07332 -0.0178832 0.0767531 -4.3005e-07
WFLOW 5.25 2.99977 0.0026589 0.073286 -0.017855 0.0767109 -4.20198e-07
WFLOW 5.26 2.99977 0.00264758 0.0732521 -0.0178263 0.0766689 -4.10431e-07
WFLOW 5.27 2.99977 0.00263632 0.0732183 -0.0177973 0.0766271 -4.00751e-07
WFLOW 5.28 2.99977 0.00262514 0.0731847 -0.0177678 0.0765854 -3.91156e-07
WFLOW 5.29 2.99977 0.00261403 0.0731512 -0.017738 0.0765438 -3.81647e-07
WFLOW 5.3 2.99977 0.00260298 0.0731177 -0.0177078 0.0765024 -3.72224e-07
WFLOW 5.31 2.99977 0.00259201 0.0730845 -0.0176772 0.0764611 -3.62887e-07
WFLOW 5.32 2.99977 0.0025811 0.0730513 -0.0176462 0.07642 -3.53634e-07
WFLOW 5.33 2.99978 0.00257026 0.0730182 -0.0176148 0.0763791 -3.44468e-07
WFLOW 5.34 2.99978 0.00255949 0.0729853 -0.0175831 0.0763382 -3.35387e-07
WFLOW 5.35 2.99978 0.00254878 0.0729525 -0.0175509 0.0762976 -3.26391e-07
WFLOW 5.36 2.99978 0.00253814 0.0729198 -0.0175184 0.0762571 -3.1748e-07
WFLOW 5.37 2.99978 0.00252757 0.0728873 -0.0174855 0.0762167 -3.08654e-07
WFLOW 5.38 2.99978 0.00251706 0.0728548 -0.0174522 0.0761765 -2.99912e-07
WFLOW 5.39 2.99978 0.00250662 0.0728225 -0.0174185 0.0761364 -2.91256e-07
WFLOW 5.4 2.99978 0.00249624 0.0727903 -0.0173845 0.0760964 -2.82684e-07
WFLOW 5.41 2.99978 0.00248592 0.0727582 -0.0173501 0.0760567 -2.74196e-07
WFLOW 5.42 2.99978 0.00247567 0.0727263 -0.0173153 0.076017 -2.65793e-07
WFLOW 5.43 2.99979 0.00246548 0.0726945 -0.0172801 0.0759776 -2.57473e-07
WFLOW 5.44 2.99979 0.00245535 0.0726628 -0.0172445 0.0759382 -2.49238e-07
WFLOW 5.45 2.99979 0.00244529 0.0726312 -0.0172086 0.075899 -2.41086e-07
WFLOW 5.46 2.99979 0.00243529 0.0725997 -0.0171724 0.07586 -2.33017e-07
WFLOW 5.47 2.99979 0.00242534 0.0725684 -0.0171357 0.0758211 -2.25032e-07
WFLOW 5.48 2.99979 0.00241546 0.0725372 -0.0170987 0.0757824 -2.1713e-07
WFLOW 5.49 2.99979 0.00240564 0.0725061 -0.0170613 0.0757438 -2.0931e-07
WFLOW 5.5 2.99979 0.00239587 0.0724752 -0.0170236 0.0757054 -2.01574e-07
WFLOW 5.51 2.99979 0.00238617 0.0724444 -0.0169855 0.0756671 -1.93919e-07
WFLOW 5.52 2.99979 0.00237652 0.0724137 -0.016947 0.0756289 -1.86347e-07
WFLOW 5.53 2.99979 0.00236694 0.0723831 -0.0169082 0.075591 -1.78857e-07
WFLOW 5.54 2.99979 0.00235741 0.0723526 -0.016869 0.0755531 -1.71448e-07
WFLOW 5.55 2.9998 0.00234794 0.0723223 -0.0168294 0.0755154 -1.64121e-07
WFLOW 5.56 2.9998 0.00233852 0.0722921 -0.0167896 0.0754779 -1.56875e-07
WFLOW 5.57 2.9998 0.00232916 0.072262 -0.0167493 0.0754405 -1.49709e-07
WFLOW 5.58 2.9998 0.00231986 0.0722321 -0.0167087 0.0754033 -1.42625e-07
WFLOW 5.59 2.9998 0.00231061 0.0722023 -0.0166678 0.0753662 -1.35621e-07
WFLOW 5.6 2.9998 0.00230142 0.0721726 -0.0166264 0.0753293 -1.28697e-07
WFLOW 5.61 2.9998 0.00229229 0.072143 -0.0165848 0.0752925 -1.21852e-07
WFLOW 5.62 2.9998 0.0022832 0.0721136 -0.0165428 0.0752559 -1.15088e-07
WFLOW 5.63 2.9998 0.00227417 0.0720843 -0.0165005 0.0752194 -1.08402e-07
WFLOW 5.64 2.9998 0.0022652 0.0720551 -0.0164578 0.0751831 -1.01796e-07
WFLOW 5.65 2.9998 0.00225628 0.0720261 -0.0164148 0.0751469 -9.52678e-08
WFLOW 5.66 2.9998 0.00224741 0.0719971 -0.0163714 0.0751109 -8.88184e-08
WFLOW 5.67 2.99981 0.00223859 0.0719683 -0.0163277 0.075075 -8.24469e-08
WFLOW 5.68 2.99981 0.00222983 0.0719397 -0.0162836 0.0750393 -7.61533e-08
WFLOW 5.69 2.99981 0.00222112 0.0719111 -0.0162393 0.0750037 -6.99371e-08
WFLOW 5.7 2.99981 0.00221246 0.0718827 -0.0161946 0.0749683 -6.3798e-08
WFLOW 5.71 2.99981 0.00220385 0.0718544 -0.0161495 0.074933 -5.77357e-08
WFLOW 5.72 2.99981 0.00219529 0.0718263 -0.0161041 0.0748979 -5.17499e-08
WFLOW 5.73 2.99981 0.00218678 0.0717983 -0.0160584 0.0748629 -4.58403e-08
WFLOW 5.74 2.99981 0.00217832 0.0717704 -0.0160124 0.0748281 -4.00065e-08
WFLOW 5.75 2.99981 0.00216991 0.0717426 -0.015966 0.0747934 -3.42482e-08
WFLOW 5.76 2.99981 0.00216155 0.071715 -0.0159193 0.0747589 -2.8565e-08
WFLOW 5.77 2.99981 0.00215324 0.0716874 -0.0158723 0.0747245 -2.29567e-08
WFLOW 5.78 2.99981 0.00214497 0.0716601 -0.015825 0.0746903 -1.74229e-08
WFLOW 5.79 2.99981 0.00213676 0.0716328 -0.0157773 0.0746563 -1.19633e-08
WFLOW 5.8 2.99982 0.00212859 0.0716057 -0.0157294 0.0746224 -6.57741e-09
WFLOW 5.81 2.99982 0.00212047 0.0715787 -0.0156811 0.0745886 -1.26499e-09
WFLOW 5.82 2.99982 0.00211239 0.0715518 -0.0156324 0.074555 3.97432e-09
WFLOW 5.83 2.99982 0.00210437 0.0715251 -0.0155835 0.0745215 9.14089e-09
WFLOW 5.84 2.99982 0.00209639 0.0714985 -0.0155343 0.0744882 1.42351e-08
WFLOW 5.85 2.99982 0.00208845 0.071472 -0.0154847 0.0744551 1.92572e-08
WFLOW 5.86 2.99982 0.00208056 0.0714457 -0.0154349 0.0744221 2.42077e-08
WFLOW 5.87 2.99982 0.00207272 0.0714195 -0.0153847 0.0743893 2.90868e-08
WFLOW 5.88 2.99982 0.00206492 0.0713934 -0.0153342 0.0743566 3.3895e-08
WFLOW 5.89 2.99982 0.00205717 0.0713675 -0.0152834 0.074324 3.86327e-08
WFLOW 5.9 2.99982 0.00204946 0.0713417 -0.0152323 0.0742916 4.33001e-08
WFLOW 5.91 2.99982 0.00204179 0.071316 -0.015181 0.0742594 4.78977e-08
WFLOW 5.92 2.99982 0.00203417 0.0712904 -0.0151293 0.0742273 5.24258e-08
WFLOW 5.93 2.99982 0.00202659 0.071265 -0.0150773 0.0741953 5.68848e-08
WFLOW 5.94 2.99982 0.00201906 0.0712397 -0.015025 0.0741636 6.1275e-08
WFLOW 5.95 2.99983 0.00201157 0.0712145 -0.0149724 0.0741319 6.5597e-08
WFLOW 5.96 2.99983 0.00200412 0.0711895 -0.0149195 0.0741004 6.98509e-08
WFLOW 5.97 2.99983 0.00199671 0.0711646 -0.0148663 0.0740691 7.40373e-08
WFLOW 5.98 2.99983 0.00198935 0.0711398 -0.0148129 0.0740379 7.81565e-08
WFLOW 5.99 2.99983 0.00198202 0.0711152 -0.0147591 0.0740069 8.22088e-08
WFLOW 6 2.99983 0.00197474 0.0710907 -0.0147051 0.073976 8.61947e-08
WFLOW 6.01 2.99983 0.0019675 0.0710663 -0.0146507 0.0739453 9.01145e-08
WFLOW 6.02 2.99983 0.0019603 0.071042 -0.0145961 0.0739147 9.39686e-08
WFLOW 6.03 2.99983 0.00195314 0.0710179 -0.0145412 0.0738843 9.77574e-08
WFLOW 6.04 2.99983 0.00194602 0.070994 -0.014486 0.073854 1.01481e-07
WFLOW 6.05 2.99983 0.00193894 0.0709701 -0.0144306 0.0738239 1.05141e-07
WFLOW 6.06 2.99983 0.0019319 0.0709464 -0.0143748 0.0737939 1.08736e-07
WFLOW 6.07 2.99983 0.0019249 0.0709228 -0.0143188 0.0737641 1.12268e-07
WFLOW 6.08 2.99983 0.00191794 0.0708993 -0.0142625 0.0737344 1.15736e-07
WFLOW 6.09 2.99983 0.00191102 0.070876 -0.0142059 0.0737049 1.19141e-07
WFLOW 6.1 2.99984 0.00190413 0.0708528 -0.0141491 0.0736756 1.22483e-07
WFLOW 6.11 2.99984 0.00189729 0.0708297 -0.0140919 0.0736463 1.25764e-07
WFLOW 6.12 2.99984 0.00189048 0.0708068 -0.0140346 0.0736173 1.28983e-07
WFLOW 6.13 2.99984 0.00188371 0.070784 -0.0139769 0.0735884 1.3214e-07
WFLOW 6.14 2.99984 0.00187698 0.0707613 -0.013919 0.0735596 1.35236e-07
WFLOW 6.15 2.99984 0.00187028 0.0707388 -0.0138608 0.073531 1.38272e-07
WFLOW 6.16 2.99984 0.00186363 0.0707164 -0.0138023 0.0735025 1.41247e-07
WFLOW 6.17 2.99984 0.001857 0.0706941 -0.0137436 0.0734742 1.44162e-07
WFLOW 6.18 2.99984 0.00185042 0.070672 -0.0136846 0.0734461 1.47018e-07
WFLOW 6.19 2.99984 0.00184387 0.07065 -0.0136254 0.073418 1.49815e-07
WFLOW 6.2 2.99984 0.00183736 0.0706281 -0.0135659 0.0733902 1.52554e-07
WFLOW 6.21 2.99984 0.00183088 0.0706063 -0.0135061 0.0733625 1.55234e-07
WFLOW 6.22 2.99984 0.00182444 0.0705847 -0.0134461 0.0733349 1.57856e-07
WFLOW 6.23 2.99984 0.00181804 0.0705632 -0.0133859 0.0733075 1.60421e-07
WFLOW 6.24 2.99984 0.00181166 0.0705419 -0.0133254 0.0732802 1.62928e-07
WFLOW 6.25 2.99984 0.00180533 0.0705207 -0.0132646 0.0732531 1.65379e-07
WFLOW 6.26 2.99984 0.00179903 0.0704996 -0.0132036 0.0732262 1.67774e-07
WFLOW 6.27 2.99984 0.00179276 0.0704786 -0.0131423 0.0731994 1.70113e-07
WFLOW 6.28 2.99985 0.00178653 0.0704578 -0.0130808 0.0731727 1.72396e-07
WFLOW 6.29 2.99985 0.00178033 0.0704371 -0.0130191 0.0731462 1.74624e-07
WFLOW 6.3 2.99985 0.00177416 0.0704165 -0.0129571 0.0731198 1.76797e-07
WFLOW 6.31 2.99985 0.00176803 0.0703961 -0.0128949 0.0730936 1.78916e-07
WFLOW 6.32 2.99985 0.00176193 0.0703758 -0.0128324 0.0730675 1.80981e-07
WFLOW 6.33 2.99985 0.00175587 0.0703556 -0.0127697 0.0730416 1.82992e-07
WFLOW 6.34 2.99985 0.00174983 0.0703356 -0.0127068 0.0730159 1.8495e-07
WFLOW 6.35 2.99985 0.00174383 0.0703156 -0.0126436 0.0729902 1.86856e-07
WFLOW 6.36 2.99985 0.00173786 0.0702959 -0.0125802 0.0729648 1.88709e-07
WFLOW 6.37 2.99985 0.00173193 0.0702762 -0.0125165 0.0729395 1.9051e-07
WFLOW 6.38 2.99985 0.00172602 0.0702567 -0.0124527 0.0729143 1.92259e-07
WFLOW 6.39 2.99985 0.00172015 0.0702373 -0.0123886 0.0728893 1.93957e-07
WFLOW 6.4 2.99985 0.00171431 0.0702181 -0.0123242 0.0728644 1.95604e-07
WFLOW 6.41 2.99985 0.0017085 0.0701989 -0.0122597 0.0728397 1.972e-07
WFLOW 6.42 2.99985 0.00170272 0.0701799 -0.0121949 0.0728151 1.98747e-07
WFLOW 6.43 2.99985 0.00169697 0.0701611 -0.0121299 0.0727906 2.00244e-07
WFLOW 6.44 2.99985 0.00169125 0.0701423 -0.0120647 0.0727664 2.01691e-07
WFLOW 6.45 2.99985 0.00168557 0.0701237 -0.0119993 0.0727422 2.0309e-07
WFLOW 6.46 2.99985 0.00167991 0.0701053 -0.0119336 0.0727182 2.04439e-07
WFLOW 6.47 2.99986 0.00167428 0.0700869 -0.0118678 0.0726944 2.05741e-07
WFLOW 6.48 2.99986 0.00166868 0.0700687 -0.0118017 0.0726707 2.06995e-07
WFLOW 6.49 2.99986 0.00166312 0.0700506 -0.0117354 0.0726472 2.08201e-07
WFLOW 6.5 2.99986 0.00165758 0.0700327 -0.0116689 0.0726238 2.0936e-07
WFLOW 6.51 2.99986 0.00165207 0.0700148 -0.0116021 0.0726005 2.10473e-07
WFLOW 6.52 2.99986 0.00164659 0.0699972 -0.0115352 0.0725774 2.11539e-07
WFLOW 6.53 2.99986 0.00164114 0.0699796 -0.0114681 0.0725545 2.12559e-07
WFLOW 6.54 2.99986 0.00163572 0.0699622 -0.0114007 0.0725316 2.13534e-07
WFLOW 6.55 2.99986 0.00163032 0.0699449 -0.0113332 0.072509 2.14463e-07
WFLOW 6.56 2.99986 0.00162496 0.0699277 -0.0112655 0.0724865 2.15348e-07
WFLOW 6.57 2.99986 0.00161962 0.0699106 -0.0111975 0.0724641 2.16188e-07
WFLOW 6.58 2.99986 0.00161431 0.0698937 -0.0111294 0.0724419 2.16984e-07
WFLOW 6.59 2.99986 0.00160903 0.0698769 -0.011061 0.0724198 2.17736e-07
WFLOW 6.6 2.99986 0.00160377 0.0698603 -0.0109925 0.0723978 2.18445e-07
WFLOW 6.61 2.99986 0.00159854 0.0698438 -0.0109237 0.0723761 2.1911e-07
WFLOW 6.62 2.99986 0.00159334 0.0698274 -0.0108548 0.0723544 2.19733e-07
WFLOW 6.63 2.99986 0.00158817 0.0698111 -0.0107857 0.0723329 2.20314e-07
WFLOW 6.64 2.99986 0.00158303 0.069795 -0.0107164 0.0723116 2.20853e-07
WFLOW 6.65 2.99986 0.00157791 0.0697789 -0.0106469 0.0722903 2.2135e-07
WFLOW 6.66 2.99986 0.00157281 0.0697631 -0.0105772 0.0722693 2.21806e-07
WFLOW 6.67 2.99986 0.00156775 0.0697473 -0.0105073 0.0722484 2.22221e-07
WFLOW 6.68 2.99987 0.00156271 0.0697317 -0.0104373 0.0722276 2.22595e-07
WFLOW 6.69 2.99987 0.00155769 0.0697162 -0.010367 0.072207 2.2293e-07
WFLOW 6.7 2.99987 0.0015527 0.0697008 -0.0102966 0.0721865 2.23224e-07
WFLOW 6.71 2.99987 0.00154774 0.0696856 -0.010226 0.0721661 2.23479e-07
WFLOW 6.72 2.99987 0.0015428 0.0696705 -0.0101552 0.0721459 2.23695e-07
WFLOW 6.73 2.99987 0.00153789 0.0696555 -0.0100843 0.0721259 2.23872e-07
WFLOW 6.74 2.99987 0.001533 0.0696406 -0.0100131 0.072106 2.2401e-07
WFLOW 6.75 2.99987 0.00152814 0.0696259 -0.00994181 0.0720862 2.24111e-07
WFLOW 6.76 2.99987 0.0015233 0.0696113 -0.00987033 0.0720666 2.24174e-07
WFLOW 6.77 2.99987 0.00151849 0.0695968 -0.00979868 0.0720471 2.24199e-07
WFLOW 6.78 2.99987 0.0015137 0.0695825 -0.00972686 0.0720278 2.24187e-07
WFLOW 6.79 2.99987 0.00150894 0.0695683 -0.00965486 0.0720086 2.24138e-07
WFLOW 6.8 2.99987 0.0015042 0.0695542 -0.0095827 0.0719895 2.24053e-07
WFLOW 6.81 2.99987 0.00149948 0.0695402 -0.00951038 0.0719706 2.23932e-07
WFLOW 6.82 2.99987 0.00149479 0.0695264 -0.00943789 0.0719518 2.23775e-07
WFLOW 6.83 2.99987 0.00149012 0.0695127 -0.00936524 0.0719332 2.23583e-07
WFLOW 6.84 2.99987 0.00148548 0.0694991 -0.00929243 0.0719147 2.23356e-07
WFLOW 6.85 2.99987 0.00148086 0.0694856 -0.00921945 0.0718964 2.23094e-07
WFLOW 6.86 2.99987 0.00147626 0.0694723 -0.00914632 0.0718782 2.22797e-07
WFLOW 6.87 2.99987 0.00147169 0.0694591 -0.00907304 0.0718601 2.22466e-07
WFLOW 6.88 2.99987 0.00146714 0.069446 -0.00899959 0.0718422 2.22102e-07
WFLOW 6.89 2.99987 0.00146261 0.069433 -0.00892599 0.0718244 2.21704e-07
WFLOW 6.9 2.99987 0.0014581 0.0694202 -0.00885224 0.0718067 2.21273e-07
WFLOW 6.91 2.99987 0.00145362 0.0694075 -0.00877834 0.0717892 2.20809e-07
WFLOW 6.92 2.99988 0.00144916 0.0693949 -0.00870429 0.0717719 2.20313e-07
WFLOW 6.93 2.99988 0.00144472 0.0693825 -0.00863009 0.0717547 2.19784e-07
WFLOW 6.94 2.99988 0.0014403 0.0693701 -0.00855574 0.0717376 2.19224e-07
WFLOW 6.95 2.99988 0.00143591 0.0693579 -0.00848124 0.0717206 2.18631e-07
WFLOW 6.96 2.99988 0.00143154 0.0693459 -0.0084066 0.0717038 2.18008e-07
WFLOW 6.97 2.99988 0.00142718 0.0693339 -0.00833182 0.0716872 2.17354e-07
WFLOW 6.98 2.99988 0.00142286 0.0693221 -0.0082569 0.0716707 2.16669e-07
WFLOW 6.99 2.99988 0.00141855 0.0693104 -0.00818184 0.0716543 2.15954e-07
WFLOW 7 2.99988 0.00141426 0.0692988 -0.00810663 0.071638 2.15208e-07
WFLOW 7.01 2.99988 0.00141 0.0692873 -0.00803129 0.0716219 2.14433e-07
WFLOW 7.02 2.99988 0.00140575 0.069276 -0.00795582 0.0716059 2.13629e-07
WFLOW 7.03 2.99988 0.00140153 0.0692648 -0.0078802 0.0715901 2.12795e-07
WFLOW 7.04 2.99988 0.00139733 0.0692537 -0.00780446 0.0715744 2.11933e-07
WFLOW 7.05 2.99988 0.00139314 0.0692427 -0.00772858 0.0715589 2.11042e-07
WFLOW 7.06 2.99988 0.00138898 0.0692319 -0.00765257 0.0715434 2.10122e-07
WFLOW 7.07 2.99988 0.00138484 0.0692212 -0.00757644 0.0715282 2.09175e-07
WFLOW 7.08 2.99988 0.00138072 0.0692106 -0.00750017 0.071513 2.082e-07
WFLOW 7.09 2.99988 0.00137662 0.0692001 -0.00742378 0.071498 2.07198e-07
WFLOW 7.1 2.99988 0.00137254 0.0691898 -0.00734726 0.0714831 2.06168e-07
WFLOW 7.11 2.99988 0.00136848 0.0691795 -0.00727062 0.0714684 2.05112e-07
WFLOW 7.12 2.99988 0.00136444 0.0691694 -0.00719385 0.0714538 2.04029e-07
WFLOW 7.13 2.99988 0.00136042 0.0691595 -0.00711697 0.0714393 2.0292e-07
WFLOW 7.14 2.99988 0.00135642 0.0691496 -0.00703996 0.071425 2.01785e-07
WFLOW 7.15 2.99988 0.00135244 0.0691399 -0.00696284 0.0714108 2.00625e-07
WFLOW 7.16 2.99988 0.00134847 0.0691302 -0.00688559 0.0713968 1.99439e-07
WFLOW 7.17 2.99988 0.00134453 0.0691207 -0.00680824 0.0713828 1.98228e-07
WFLOW 7.18 2.99988 0.0013406 0.0691114 -0.00673076 0.0713691 1.96992e-07
WFLOW 7.19 2.99988 0.0013367 0.0691021 -0.00665317 0.0713554 1.95731e-07
WFLOW 7.2 2.99989 0.00133281 0.069093 -0.00657547 0.0713419 1.94446e-07
WFLOW 7.21 2.99989 0.00132894 0.069084 -0.00649766 0.0713285 1.93137e-07
WFLOW 7.22 2.99989 0.0013251 0.0690751 -0.00641974 0.0713153 1.91804e-07
WFLOW 7.23 2.99989 0.00132126 0.0690663 -0.00634171 0.0713021 1.90448e-07
WFLOW 7.24 2.99989 0.00131745 0.0690577 -0.00626358 0.0712892 1.89068e-07
WFLOW 7.25 2.99989 0.00131366 0.0690491 -0.00618533 0.0712763 1.87666e-07
WFLOW 7.26 2.99989 0.00130988 0.0690407 -0.00610699 0.0712636 1.86241e-07
WFLOW 7.27 2.99989 0.00130612 0.0690324 -0.00602854 0.071251 1.84793e-07
WFLOW 7.28 2.99989 0.00130238 0.0690243 -0.00594998 0.0712386 1.83323e-07
WFLOW 7.29 2.99989 0.00129866 0.0690162 -0.00587133 0.0712262 1.81831e-07
WFLOW 7.3 2.99989 0.00129496 0.0690083 -0.00579258 0.071214 1.80317e-07
WFLOW 7.31 2.99989 0.00129127 0.0690004 -0.00571373 0.071202 1.78782e-07
WFLOW 7.32 2.99989 0.0012876 0.0689928 -0.00563478 0.0711901 1.77226e-07
WFLOW 7.33 2.99989 0.00128395 0.0689852 -0.00555573 0.0711783 1.75649e-07
WFLOW 7.34 2.99989 0.00128031 0.0689777 -0.0054766 0.0711666 1.74051e-07
WFLOW 7.35 2.99989 0.0012767 0.0689704 -0.00539736 0.0711551 1.72432e-07
WFLOW 7.36 2.99989 0.0012731 0.0689631 -0.00531804 0.0711437 1.70793e-07
WFLOW 7.37 2.99989 0.00126951 0.068956 -0.00523862 0.0711324 1.69135e-07
WFLOW 7.38 2.99989 0.00126595 0.068949 -0.00515912 0.0711213 1.67456e-07
WFLOW 7.39 2.99989 0.0012624 0.0689422 -0.00507952 0.0711103 1.65758e-07
WFLOW 7.4 2.99989 0.00125886 0.0689354 -0.00499984 0.0710994 1.64041e-07
WFLOW 7.41 2.99989 0.00125535 0.0689288 -0.00492007 0.0710886 1.62305e-07
WFLOW 7.42 2.99989 0.00125185 0.0689222 -0.00484022 0.071078 1.6055e-07
WFLOW 7.43 2.99989 0.00124836 0.0689158 -0.00476028 0.0710675 1.58777e-07
WFLOW 7.44 2.99989 0.0012449 0.0689096 -0.00468027 0.0710572 1.56985e-07
WFLOW 7.45 2.99989 0.00124145 0.0689034 -0.00460017 0.0710469 1.55175e-07
WFLOW 7.46 2.99989 0.00123801 0.0688973 -0.00451999 0.0710368 1.53347e-07
WFLOW 7.47 2.99989 0.00123459 0.0688914 -0.00443973 0.0710268 1.51501e-07
WFLOW 7.48 2.99989 0.00123119 0.0688855 -0.00435939 0.071017 1.49638e-07
WFLOW 7.49 2.99989 0.0012278 0.0688798 -0.00427897 0.0710073 1.47758e-07
WFLOW 7.5 2.99989 0.00122443 0.0688742 -0.00419849 0.0709977 1.45861e-07
WFLOW 7.51 2.9999 0.00122108 0.0688688 -0.00411792 0.0709882 1.43947e-07
WFLOW 7.52 2.9999 0.00121773 0.0688634 -0.00403728 0.0709789 1.42017e-07
WFLOW 7.53 2.9999 0.00121441 0.0688581 -0.00395658 0.0709697 1.4007e-07
WFLOW 7.54 2.9999 0.0012111 0.068853 -0.0038758 0.0709606 1.38107e-07
WFLOW 7.55 2.9999 0.00120781 0.068848 -0.00379495 0.0709516 1.36129e-07
WFLOW 7.56 2.9999 0.00120453 0.0688431 -0.00371403 0.0709428 1.34134e-07
WFLOW 7.57 2.9999 0.00120126 0.0688383 -0.00363304 0.0709341 1.32124e-07
WFLOW 7.58 2.9999 0.00119801 0.0688336 -0.00355199 0.0709255 1.30099e-07
WFLOW 7.59 2.9999 0.00119478 0.068829 -0.00347087 0.070917 1.28059e-07
WFLOW 7.6 2.9999 0.00119156 0.0688245 -0.00338969 0.0709087 1.26004e-07
WFLOW 7.61 2.9999 0.00118836 0.0688202 -0.00330844 0.0709005 1.23934e-07
WFLOW 7.62 2.9999 0.00118517 0.0688159 -0.00322714 0.0708924 1.2185e-07
WFLOW 7.63 2.9999 0.00118199 0.0688118 -0.00314577 0.0708844 1.19751e-07
WFLOW 7.64 2.9999 0.00117883 0.0688078 -0.00306434 0.0708766 1.17639e-07
WFLOW 7.65 2.9999 0.00117568 0.0688039 -0.00298286 0.0708689 1.15513e-07
WFLOW 7.66 2.9999 0.00117255 0.0688001 -0.00290132 0.0708613 1.13373e-07
WFLOW 7.67 2.9999 0.00116943 0.0687965 -0.00281972 0.0708538 1.11219e-07
WFLOW 7.68 2.9999 0.00116633 0.0687929 -0.00273806 0.0708464 1.09052e-07
WFLOW 7.69 2.9999 0.00116324 0.0687894 -0.00265635 0.0708392 1.06873e-07
WFLOW 7.7 2.9999 0.00116016 0.0687861 -0.00257459 0.0708321 1.0468e-07
WFLOW 7.71 2.9999 0.0011571 0.0687829 -0.00249277 0.0708251 1.02475e-07
WFLOW 7.72 2.9999 0.00115405 0.0687797 -0.00241091 0.0708183 1.00257e-07
WFLOW 7.73 2.9999 0.00115102 0.0687767 -0.00232899 0.0708116 9.80265e-08
WFLOW 7.74 2.9999 0.001148 0.0687738 -0.00224703 0.0708049 9.57842e-08
WFLOW 7.75 2.9999 0.00114499 0.068771 -0.00216502 0.0707984 9.35299e-08
WFLOW 7.76 2.9999 0.001142 0.0687683 -0.00208296 0.0707921 9.12639e-08
WFLOW 7.77 2.9999 0.00113902 0.0687658 -0.00200085 0.0707858 8.89863e-08
WFLOW 7.78 2.9999 0.00113605 0.0687633 -0.0019187 0.0707797 8.66973e-08
WFLOW 7.79 2.9999 0.0011331 0.0687609 -0.00183651 0.0707737 8.4397e-08
WFLOW 7.8 2.9999 0.00113016 0.0687587 -0.00175427 0.0707678 8.20857e-08
WFLOW 7.81 2.9999 0.00112723 0.0687566 -0.00167199 0.070762 7.97635e-08
WFLOW 7.82 2.9999 0.00112431 0.0687545 -0.00158968 0.0707564 7.74306e-08
WFLOW 7.83 2.9999 0.00112141 0.0687526 -0.00150732 0.0707508 7.50872e-08
WFLOW 7.84 2.9999 0.00111852 0.0687508 -0.00142492 0.0707454 7.27334e-08
WFLOW 7.85 2.9999 0.00111565 0.0687491 -0.00134249 0.0707401 7.03694e-08
WFLOW 7.86 2.9999 0.00111279 0.0687475 -0.00126002 0.0707349 6.79954e-08
WFLOW 7.87 2.9999 0.00110994 0.068746 -0.00117751 0.0707299 6.56116e-08
WFLOW 7.88 2.99991 0.0011071 0.0687446 -0.00109497 0.0707249 6.3218e-08
WFLOW 7.89 2.99991 0.00110427 0.0687433 -0.00101239 0.0707201 6.08149e-08
WFLOW 7.9 2.99991 0.00110146 0.0687421 -0.000929784 0.0707154 5.84025e-08
WFLOW 7.91 2.99991 0.00109866 0.068741 -0.000847145 0.0707108 5.59808e-08
WFLOW 7.92 2.99991 0.00109587 0.0687401 -0.000764475 0.0707063 5.35502e-08
WFLOW 7.93 2.99991 0.0010931 0.0687392 -0.000681775 0.070702 5.11106e-08
WFLOW 7.94 2.99991 0.00109033 0.0687385 -0.000599046 0.0706977 4.86623e-08
WFLOW 7.95 2.99991 0.00108758 0.0687378 -0.000516289 0.0706936 4.62054e-08
WFLOW 7.96 2.99991 0.00108484 0.0687373 -0.000433506 0.0706896 4.37401e-08
WFLOW 7.97 2.99991 0.00108211 0.0687368 -0.000350696 0.0706857 4.12665e-08
WFLOW 7.98 2.99991 0.0010794 0.0687365 -0.000267862 0.0706819 3.87849e-08
WFLOW 7.99 2.99991 0.00107669 0.0687363 -0.000185003 0.0706782 3.62953e-08
WFLOW 8 2.99991 0.001074 0.0687361 -0.000102121 0.0706747 3.37978e-08
WFLOW 8.01 2.99991 0.00107132 0.0687361 -1.92174e-05 0.0706712 3.12927e-08
WFLOW 8.02 2.99991 0.00106865 0.0687362 6.37077e-05 0.0706679 2.87801e-08
WFLOW 8.03 2.99991 0.001066 0.0687364 0.000146653 0.0706647 2.62601e-08
WFLOW 8.04 2.99991 0.00106335 0.0687367 0.000229618 0.0706616 2.37329e-08
WFLOW 8.05 2.99991 0.00106072 0.068737 0.000312601 0.0706586 2.11986e-08
WFLOW 8.06 2.99991 0.00105809 0.0687375 0.000395602 0.0706558 1.86574e-08
WFLOW 8.07 2.99991 0.00105548 0.0687381 0.00047862 0.070653 1.61094e-08
WFLOW 8.08 2.99991 0.00105288 0.0687388 0.000561654 0.0706503 1.35547e-08
WFLOW 8.09 2.99991 0.00105029 0.0687396 0.000644702 0.0706478 1.09935e-08
WFLOW 8.1 2.99991 0.00104771 0.0687405 0.000727764 0.0706454 8.4259e-09
WFLOW 8.11 2.99991 0.00104515 0.0687415 0.00081084 0.0706431 5.85208e-09
WFLOW 8.12 2.99991 0.00104259 0.0687426 0.000893928 0.0706409 3.27214e-09
WFLOW 8.13 2.99991 0.00104005 0.0687438 0.000977027 0.0706388 6.86222e-10
WFLOW 8.14 2.99991 0.00103751 0.0687451 0.00106014 0.0706368 -1.90554e-09
WFLOW 8.15 2.99991 0.00103499 0.0687465 0.00114326 0.070635 -4.50301e-09
WFLOW 8.16 2.99991 0.00103248 0.068748 0.00122638 0.0706332 -7.10606e-09
WFLOW 8.17 2.99991 0.00102997 0.0687496 0.00130952 0.0706316 -9.71457e-09
WFLOW 8.18 2.99991 0.00102748 0.0687513 0.00139266 0.07063 -1.23284e-08
WFLOW 8.19 2.99991 0.001025 0.0687531 0.00147581 0.0706286 -1.49474e-08
WFLOW 8.2 2.99991 0.00102253 0.068755 0.00155897 0.0706273 -1.75715e-08
WFLOW 8.21 2.99991 0.00102007 0.068757 0.00164213 0.0706261 -2.02006e-08
WFLOW 8.22 2.99991 0.00101762 0.0687591 0.00172529 0.070625 -2.28345e-08
WFLOW 8.23 2.99991 0.00101518 0.0687613 0.00180845 0.070624 -2.5473e-08
WFLOW 8.24 2.99991 0.00101276 0.0687636 0.00189162 0.0706231 -2.81162e-08
WFLOW 8.25 2.99991 0.00101034 0.068766 0.00197479 0.0706223 -3.07638e-08
WFLOW 8.26 2.99991 0.00100793 0.0687685 0.00205796 0.0706216 -3.34158e-08
WFLOW 8.27 2.99991 0.00100553 0.0687711 0.00214113 0.0706211 -3.60719e-08
WFLOW 8.28 2.99991 0.00100314 0.0687738 0.0022243 0.0706206 -3.87322e-08
WFLOW 8.29 2.99991 0.00100076 0.0687766 0.00230746 0.0706203 -4.13965e-08
WFLOW 8.3 2.99991 0.000998395 0.0687795 0.00239062 0.07062 -4.40646e-08
WFLOW 8.31 2.99991 0.000996037 0.0687824 0.00247378 0.0706199 -4.67366e-08
WFLOW 8.32 2.99991 0.000993689 0.0687855 0.00255694 0.0706199 -4.94121e-08
WFLOW 8.33 2.99992 0.00099135 0.0687887 0.00264009 0.07062 -5.20912e-08
WFLOW 8.34 2.99992 0.000989021 0.0687919 0.00272323 0.0706201 -5.47737e-08
WFLOW 8.35 2.99992 0.000986702 0.0687953 0.00280637 0.0706204 -5.74596e-08
WFLOW 8.36 2.99992 0.000984392 0.0687988 0.00288949 0.0706208 -6.01486e-08
WFLOW 8.37 2.99992 0.000982092 0.0688023 0.00297262 0.0706213 -6.28408e-08
WFLOW 8.38 2.99992 0.000979801 0.068806 0.00305573 0.0706219 -6.55359e-08
WFLOW 8.39 2.99992 0.00097752 0.0688097 0.00313883 0.0706226 -6.82339e-08
WFLOW 8.4 2.99992 0.000975249 0.0688135 0.00322192 0.0706234 -7.09348e-08
WFLOW 8.41 2.99992 0.000972986 0.0688175 0.003305 0.0706243 -7.36383e-08
WFLOW 8.42 2.99992 0.000970733 0.0688215 0.00338807 0.0706254 -7.63443e-08
WFLOW 8.43 2.99992 0.000968489 0.0688256 0.00347112 0.0706265 -7.90529e-08
WFLOW 8.44 2.99992 0.000966255 0.0688298 0.00355416 0.0706277 -8.17638e-08
WFLOW 8.45 2.99992 0.00096403 0.0688341 0.00363719 0.070629 -8.4477e-08
WFLOW 8.46 2.99992 0.000961813 0.0688385 0.0037202 0.0706305 -8.71924e-08
WFLOW 8.47 2.99992 0.000959606 0.068843 0.00380319 0.070632 -8.99098e-08
WFLOW 8.48 2.99992 0.000957408 0.0688476 0.00388617 0.0706336 -9.26292e-08
WFLOW 8.49 2.99992 0.000955219 0.0688523 0.00396914 0.0706354 -9.53506e-08
WFLOW 8.5 2.99992 0.000953039 0.068857 0.00405208 0.0706372 -9.80737e-08
WFLOW 8.51 2.99992 0.000950867 0.0688619 0.004135 0.0706391 -1.00798e-07
WFLOW 8.52 2.99992 0.000948705 0.0688668 0.00421791 0.0706412 -1.03525e-07
WFLOW 8.53 2.99992 0.000946551 0.0688719 0.0043008 0.0706433 -1.06253e-07
WFLOW 8.54 2.99992 0.000944406 0.068877 0.00438366 0.0706455 -1.08982e-07
WFLOW 8.55 2.99992 0.000942269 0.0688822 0.0044665 0.0706479 -1.11713e-07
WFLOW 8.56 2.99992 0.000940142 0.0688876 0.00454932 0.0706503 -1.14445e-07
WFLOW 8.57 2.99992 0.000938022 0.068893 0.00463212 0.0706528 -1.17178e-07
WFLOW 8.58 2.99992 0.000935912 0.0688985 0.0047149 0.0706555 -1.19912e-07
WFLOW 8.59 2.99992 0.00093381 0.068904 0.00479765 0.0706582 -1.22647e-07
WFLOW 8.6 2.99992 0.000931716 0.0689097 0.00488037 0.070661 -1.25383e-07
WFLOW 8.61 2.99992 0.000929631 0.0689155 0.00496307 0.070664 -1.2812e-07
WFLOW 8.62 2.99992 0.000927554 0.0689213 0.00504575 0.070667 -1.30857e-07
WFLOW 8.63 2.99992 0.000925485 0.0689273 0.00512839 0.0706701 -1.33595e-07
WFLOW 8.64 2.99992 0.000923425 0.0689333 0.00521101 0.0706733 -1.36334e-07
WFLOW 8.65 2.99992 0.000921373 0.0689394 0.00529361 0.0706767 -1.39073e-07
WFLOW 8.66 2.99992 0.000919329 0.0689456 0.00537617 0.0706801 -1.41813e-07
WFLOW 8.67 2.99992 0.000917293 0.0689519 0.0054587 0.0706836 -1.44553e-07
WFLOW 8.68 2.99992 0.000915266 0.0689583 0.0055412 0.0706872 -1.47293e-07
WFLOW 8.69 2.99992 0.000913246 0.0689648 0.00562367 0.0706909 -1.50033e-07
WFLOW 8.7 2.99992 0.000911235 0.0689713 0.00570612 0.0706947 -1.52773e-07
WFLOW 8.71 2.99992 0.000909231 0.068978 0.00578852 0.0706986 -1.55514e-07
WFLOW 8.72 2.99992 0.000907235 0.0689847 0.0058709 0.0707026 -1.58254e-07
WFLOW 8.73 2.99992 0.000905248 0.0689915 0.00595324 0.0707067 -1.60994e-07
WFLOW 8.74 2.99992 0.000903268 0.0689985 0.00603555 0.0707109 -1.63734e-07
WFLOW 8.75 2.99992 0.000901296 0.0690054 0.00611782 0.0707151 -1.66474e-07
WFLOW 8.76 2.99992 0.000899331 0.0690125 0.00620006 0.0707195 -1.69213e-07
WFLOW 8.77 2.99992 0.000897375 0.0690197 0.00628227 0.070724 -1.71952e-07
WFLOW 8.78 2.99992 0.000895426 0.0690269 0.00636443 0.0707285 -1.7469e-07
WFLOW 8.79 2.99992 0.000893484 0.0690343 0.00644656 0.0707332 -1.77428e-07
WFLOW 8.8 2.99992 0.000891551 0.0690417 0.00652866 0.0707379 -1.80165e-07
WFLOW 8.81 2.99992 0.000889625 0.0690492 0.00661071 0.0707428 -1.82901e-07
WFLOW 8.82 2.99992 0.000887706 0.0690568 0.00669273 0.0707477 -1.85636e-07
WFLOW 8.83 2.99992 0.000885795 0.0690645 0.0067747 0.0707527 -1.88371e-07
WFLOW 8.84 2.99992 0.000883891 0.0690722 0.00685664 0.0707578 -1.91105e-07
WFLOW 8.85 2.99992 0.000881995 0.06908 0.00693853 0.0707631 -1.93837e-07
WFLOW 8.86 2.99992 0.000880106 0.069088 0.00702039 0.0707684 -1.96569e-07
WFLOW 8.87 2.99993 0.000878224 0.069096 0.0071022 0.0707737 -1.99299e-07
WFLOW 8.88 2.99993 0.00087635 0.0691041 0.00718397 0.0707792 -2.02029e-07
WFLOW 8.89 2.99993 0.000874483 0.0691122 0.0072657 0.0707848 -2.04757e-07
WFLOW 8.9 2.99993 0.000872623 0.0691205 0.00734739 0.0707905 -2.07483e-07
WFLOW 8.91 2.99993 0.000870771 0.0691288 0.00742903 0.0707962 -2.10209e-07
WFLOW 8.92 2.99993 0.000868925 0.0691373 0.00751063 0.0708021 -2.12933e-07
WFLOW 8.93 2.99993 0.000867087 0.0691458 0.00759218 0.070808 -2.15655e-07
WFLOW 8.94 2.99993 0.000865256 0.0691543 0.00767369 0.070814 -2.18376e-07
WFLOW 8.95 2.99993 0.000863431 0.069163 0.00775515 0.0708201 -2.21095e-07
WFLOW 8.96 2.99993 0.000861614 0.0691718 0.00783656 0.0708263 -2.23812e-07
WFLOW 8.97 2.99993 0.000859804 0.0691806 0.00791793 0.0708326 -2.26528e-07
WFLOW 8.98 2.99993 0.000858 0.0691895 0.00799925 0.070839 -2.29242e-07
WFLOW 8.99 2.99993 0.000856204 0.0691985 0.00808052 0.0708455 -2.31954e-07
WFLOW 9 2.99993 0.000854414 0.0692075 0.00816174 0.070852 -2.34664e-07
WFLOW 9.01 2.99993 0.000852631 0.0692167 0.00824292 0.0708587 -2.37373e-07
WFLOW 9.02 2.99993 0.000850855 0.0692259 0.00832404 0.0708654 -2.40079e-07
WFLOW 9.03 2.99993 0.000849086 0.0692352 0.00840511 0.0708722 -2.42783e-07
WFLOW 9.04 2.99993 0.000847323 0.0692446 0.00848614 0.0708791 -2.45485e-07
WFLOW 9.05 2.99993 0.000845567 0.0692541 0.00856711 0.0708861 -2.48185e-07
WFLOW 9.06 2.99993 0.000843818 0.0692636 0.00864803 0.0708932 -2.50882e-07
WFLOW 9.07 2.99993 0.000842075 0.0692733 0.0087289 0.0709004 -2.53578e-07
WFLOW 9.08 2.99993 0.000840339 0.069283 0.00880972 0.0709076 -2.56271e-07
WFLOW 9.09 2.99993 0.00083861 0.0692927 0.00889048 0.070915 -2.58961e-07
WFLOW 9.1 2.99993 0.000836887 0.0693026 0.00897119 0.0709224 -2.61649e-07
WFLOW 9.11 2.99993 0.00083517 0.0693125 0.00905184 0.0709299 -2.64335e-07
WFLOW 9.12 2.99993 0.00083346 0.0693225 0.00913244 0.0709375 -2.67018e-07
WFLOW 9.13 2.99993 0.000831756 0.0693326 0.00921299 0.0709452 -2.69699e-07
WFLOW 9.14 2.99993 0.000830059 0.0693428 0.00929348 0.0709529 -2.72377e-07
WFLOW 9.15 2.99993 0.000828368 0.069353 0.00937391 0.0709608 -2.75052e-07
WFLOW 9.16 2.99993 0.000826683 0.0693634 0.00945429 0.0709687 -2.77724e-07
WFLOW 9.17 2.99993 0.000825005 0.0693738 0.00953461 0.0709767 -2.80394e-07
WFLOW 9.18 2.99993 0.000823333 0.0693842 0.00961488 0.0709848 -2.83061e-07
WFLOW 9.19 2.99993 0.000821667 0.0693948 0.00969508 0.070993 -2.85725e-07
WFLOW 9.2 2.99993 0.000820007 0.0694054 0.00977523 0.0710013 -2.88386e-07
WFLOW 9.21 2.99993 0.000818354 0.0694161 0.00985532 0.0710096 -2.91044e-07
WFLOW 9.22 2.99993 0.000816706 0.0694269 0.00993535 0.071018 -2.93699e-07
WFLOW 9.23 2.99993 0.000815065 0.0694377 0.0100153 0.0710265 -2.96352e-07
WFLOW 9.24 2.99993 0.00081343 0.0694487 0.0100952 0.0710351 -2.99001e-07
WFLOW 9.25 2.99993 0.0008118 0.0694597 0.0101751 0.0710438 -3.01647e-07
WFLOW 9.26 2.99993 0.000810177 0.0694707 0.0102549 0.0710526 -3.04289e-07
WFLOW 9.27 2.99993 0.00080856 0.0694819 0.0103346 0.0710614 -3.06929e-07
WFLOW 9.28 2.99993 0.000806948 0.0694931 0.0104143 0.0710703 -3.09565e-07
WFLOW 9.29 2.99993 0.000805343 0.0695044 0.0104939 0.0710793 -3.12198e-07
WFLOW 9.3 2.99993 0.000803744 0.0695158 0.0105734 0.0710884 -3.14828e-07
WFLOW 9.31 2.99993 0.00080215 0.0695272 0.0106529 0.0710976 -3.17454e-07
WFLOW 9.32 2.99993 0.000800562 0.0695387 0.0107323 0.0711068 -3.20077e-07
WFLOW 9.33 2.99993 0.00079898 0.0695503 0.0108117 0.0711161 -3.22697e-07
WFLOW 9.34 2.99993 0.000797404 0.069562 0.0108909 0.0711255 -3.25313e-07
WFLOW 9.35 2.99993 0.000795833 0.0695737 0.0109702 0.071135 -3.27925e-07
WFLOW 9.36 2.99993 0.000794268 0.0695855 0.0110493 0.0711446 -3.30534e-07
WFLOW 9.37 2.99993 0.000792709 0.0695974 0.0111284 0.0711542 -3.33139e-07
WFLOW 9.38 2.99993 0.000791156 0.0696093 0.0112074 0.0711639 -3.35741e-07
WFLOW 9.39 2.99993 0.000789608 0.0696214 0.0112864 0.0711737 -3.38339e-07
WFLOW 9.4 2.99993 0.000788065 0.0696335 0.0113653 0.0711836 -3.40934e-07
WFLOW 9.41 2.99993 0.000786529 0.0696456 0.0114441 0.0711935 -3.43524e-07
WFLOW 9.42 2.99993 0.000784997 0.0696578 0.0115229 0.0712035 -3.46111e-07
WFLOW 9.43 2.99993 0.000783472 0.0696702 0.0116016 0.0712136 -3.48694e-07
WFLOW 9.44 2.99993 0.000781952 0.0696825 0.0116802 0.0712238 -3.51274e-07
WFLOW 9.45 2.99993 0.000780437 0.069695 0.0117588 0.0712341 -3.53849e-07
WFLOW 9.46 2.99993 0.000778928 0.0697075 0.0118372 0.0712444 -3.56421e-07
WFLOW 9.47 2.99993 0.000777424 0.0697201 0.0119157 0.0712548 -3.58988e-07
WFLOW 9.48 2.99993 0.000775925 0.0697327 0.011994 0.0712653 -3.61552e-07
WFLOW 9.49 2.99993 0.000774432 0.0697454 0.0120723 0.0712759 -3.64112e-07
WFLOW 9.5 2.99993 0.000772944 0.0697582 0.0121505 0.0712865 -3.66667e-07
WFLOW 9.51 2.99993 0.000771462 0.0697711 0.0122286 0.0712972 -3.69219e-07
WFLOW 9.52 2.99993 0.000769985 0.069784 0.0123067 0.071308 -3.71767e-07
WFLOW 9.53 2.99993 0.000768513 0.069797 0.0123847 0.0713189 -3.7431e-07
WFLOW 9.54 2.99993 0.000767046 0.0698101 0.0124626 0.0713298 -3.76849e-07
WFLOW 9.55 2.99993 0.000765584 0.0698232 0.0125405 0.0713408 -3.79385e-07
WFLOW 9.56 2.99993 0.000764128 0.0698364 0.0126183 0.0713519 -3.81916e-07
WFLOW 9.57 2.99994 0.000762677 0.0698497 0.012696 0.0713631 -3.84443e-07
WFLOW 9.58 2.99994 0.000761231 0.069863 0.0127736 0.0713743 -3.86965e-07
WFLOW 9.59 2.99994 0.00075979 0.0698764 0.0128512 0.0713856 -3.89483e-07
WFLOW 9.6 2.99994 0.000758354 0.0698899 0.0129287 0.071397 -3.91997e-07
WFLOW 9.61 2.99994 0.000756923 0.0699034 0.0130061 0.0714084 -3.94507e-07
WFLOW 9.62 2.99994 0.000755497 0.069917 0.0130834 0.07142 -3.97012e-07
WFLOW 9.63 2.99994 0.000754076 0.0699307 0.0131607 0.0714316 -3.99513e-07
WFLOW 9.64 2.99994 0.00075266 0.0699444 0.0132379 0.0714432 -4.0201e-07
WFLOW 9.65 2.99994 0.000751249 0.0699582 0.013315 0.071455 -4.04502e-07
WFLOW 9.66 2.99994 0.000749843 0.0699721 0.013392 0.0714668 -4.0699e-07
WFLOW 9.67 2.99994 0.000748442 0.069986 0.013469 0.0714787 -4.09473e-07
WFLOW 9.68 2.99994 0.000747046 0.07 0.0135459 0.0714906 -4.11952e-07
WFLOW 9.69 2.99994 0.000745654 0.070014 0.0136227 0.0715027 -4.14426e-07
WFLOW 9.7 2.99994 0.000744268 0.0700282 0.0136994 0.0715148 -4.16896e-07
WFLOW 9.71 2.99994 0.000742886 0.0700424 0.0137761 0.0715269 -4.19361e-07
WFLOW 9.72 2.99994 0.000741509 0.0700566 0.0138527 0.0715392 -4.21822e-07
WFLOW 9.73 2.99994 0.000740137 0.0700709 0.0139292 0.0715515 -4.24278e-07
WFLOW 9.74 2.99994 0.00073877 0.0700853 0.0140056 0.0715639 -4.2673e-07
WFLOW 9.75 2.99994 0.000737407 0.0700997 0.014082 0.0715763 -4.29176e-07
WFLOW 9.76 2.99994 0.000736049 0.0701143 0.0141582 0.0715888 -4.31618e-07
WFLOW 9.77 2.99994 0.000734696 0.0701288 0.0142344 0.0716014 -4.34056e-07
WFLOW 9.78 2.99994 0.000733347 0.0701435 0.0143105 0.0716141 -4.36489e-07
WFLOW 9.79 2.99994 0.000732003 0.0701581 0.0143866 0.0716268 -4.38917e-07
WFLOW 9.8 2.99994 0.000730663 0.0701729 0.0144625 0.0716396 -4.4134e-07
WFLOW 9.81 2.99994 0.000729328 0.0701877 0.0145384 0.0716525 -4.43759e-07
WFLOW 9.82 2.99994 0.000727998 0.0702026 0.0146142 0.0716654 -4.46172e-07
WFLOW 9.83 2.99994 0.000726672 0.0702176 0.0146899 0.0716784 -4.48581e-07
WFLOW 9.84 2.99994 0.000725351 0.0702326 0.0147656 0.0716915 -4.50986e-07
WFLOW 9.85 2.99994 0.000724034 0.0702476 0.0148411 0.0717046 -4.53385e-07
WFLOW 9.86 2.99994 0.000722722 0.0702628 0.0149166 0.0717178 -4.55779e-07
WFLOW 9.87 2.99994 0.000721414 0.0702779 0.014992 0.0717311 -4.58169e-07
WFLOW 9.88 2.99994 0.000720111 0.0702932 0.0150673 0.0717444 -4.60554e-07
WFLOW 9.89 2.99994 0.000718812 0.0703085 0.0151425 0.0717578 -4.62934e-07
WFLOW 9.9 2.99994 0.000717517 0.0703239 0.0152177 0.0717713 -4.65309e-07
WFLOW 9.91 2.99994 0.000716227 0.0703393 0.0152927 0.0717848 -4.67679e-07
WFLOW 9.92 2.99994 0.000714941 0.0703548 0.0153677 0.0717984 -4.70044e-07
WFLOW 9.93 2.99994 0.00071366 0.0703704 0.0154426 0.0718121 -4.72404e-07
WFLOW 9.94 2.99994 0.000712383 0.070386 0.0155174 0.0718258 -4.74759e-07
WFLOW 9.95 2.99994 0.00071111 0.0704016 0.0155922 0.0718396 -4.77109e-07
WFLOW 9.96 2.99994 0.000709841 0.0704174 0.0156668 0.0718535 -4.79455e-07
WFLOW 9.97 2.99994 0.000708577 0.0704332 0.0157414 0.0718674 -4.81795e-07
WFLOW 9.98 2.99994 0.000707316 0.070449 0.0158159 0.0718814 -4.8413e-07
WFLOW 9.99 2.99994 0.00070606 0.0704649 0.0158903 0.0718954 -4.8646e-07
WFLOW 10 2.99994 0.000704809 0.0704809 0.0159646 0.0719096 -4.88785e-07
