0.01 0.000221019	0.01 0.000221019
0.02 0.000873712	0.02 0.000873712
0.03 0.00193704	0.03 0.00193704
0.04 0.0033835	0.04 0.0033835
0.05 0.00518031	0.05 0.00518031
0.06 0.00729075	0.06 0.00729075
0.07 0.00967547	0.07 0.00967547
0.08 0.0122938	0.08 0.0122938
0.09 0.0151048	0.09 0.0151048
0.1 0.0180685	0.1 0.0180685
0.11 0.0211463	0.11 0.0211463
0.12 0.0243021	0.12 0.0243021
0.13 0.0275024	0.13 0.0275024
0.14 0.030717	0.14 0.0307106
0.15 0.0339187	0.15 0.0339187
0.16 0.0370837	0.16 0.0370837
0.17 0.0401916	0.17 0.0401544
0.18 0.043225	0.18 0.043225
0.19 0.0461697	0.19 0.0461697
0.2 0.0490141	0.2 0.0489027
0.21 0.0517493	0.21 0.0516358
0.22 0.0543689	0.22 0.0543688
0.23 0.0568682	0.23 0.0568682
0.24 0.0592446	0.24 0.0590592
0.25 0.0614972	0.25 0.0612502
0.26 0.063626	0.26 0.0634412
0.27 0.0656327	0.27 0.0656322
0.28 0.0675196	0.28 0.0675191
0.29 0.0692897	0.29 0.0690211
0.3 0.070947	0.3 0.0705231
0.31 0.0724956	0.31 0.072025
0.32 0.07394	0.32 0.073527
0.33 0.0752851	0.33 0.075029
0.34 0.0765358	0.34 0.076531
0.35 0.0776971	0.35 0.0776928
0.36 0.0787739	0.36 0.0784625
0.37 0.0797712	0.37 0.0792321
0.38 0.0806939	0.38 0.0800018
0.39 0.0815465	0.39 0.0807714
0.4 0.0823336	0.4 0.0815411
0.41 0.0830597	0.41 0.0823107
0.42 0.0837287	0.42 0.0830804
0.43 0.0843447	0.43 0.08385
0.44 0.0849114	0.44 0.0846197
0.45 0.0854322	0.45 0.0853893
0.46 0.0859107	0.46 0.0858722
0.47 0.0863498	0.47 0.0861758
0.48 0.0867524	0.48 0.0864794
0.49 0.0871214	0.49 0.086783
0.5 0.0874592	0.5 0.0870866
0.51 0.0877682	0.51 0.0873902
0.52 0.0880506	0.52 0.0876938
0.53 0.0883084	0.53 0.0879974
0.54 0.0885436	0.54 0.088301
0.55 0.0887579	0.55 0.0886046
0.56 0.0889529	0.56 0.0889082
0.57 0.0891301	0.57 0.0890737
0.58 0.089291	0.58 0.0892392
0.59 0.0894367	0.59 0.0894047
0.6 0.0895684	0.6 0.0894895
0.61 0.0896874	0.61 0.0895742
0.62 0.0897945	0.62 0.089659
0.63 0.0898906	0.63 0.0897438
0.64 0.0899768	0.64 0.0898286
0.65 0.0900536	0.65 0.0899133
0.66 0.0901219	0.66 0.0899981
0.67 0.0901823	0.67 0.0900829
0.68 0.0902355	0.68 0.0901677
0.69 0.0902819	0.69 0.0902524
0.7 0.0903222	0.7 0.0902772
0.71 0.0903568	0.71 0.0903019
0.72 0.0903861	0.72 0.0903266
0.73 0.0904106	0.73 0.0903514
0.74 0.0904306	0.74 0.0903761
0.75 0.0904465	0.75 0.0904009
0.76 0.0904586	0.76 0.0904256
0.77 0.0904672	0.77 0.0904503
0.78 0.0904726	0.78 0.090445
0.79 0.090475	0.79 0.0904396
0.8 0.0904746	0.8 0.0904343
0.81 0.0904716	0.81 0.090429
0.82 0.0904664	0.82 0.0904236
0.83 0.0904589	0.83 0.0904183
0.84 0.0904495	0.84 0.0904129
0.85 0.0904382	0.85 0.0904076
0.86 0.0904252	0.86 0.0904023
0.87 0.0904107	0.87 0.0903969
0.88 0.0903947	0.88 0.0903764
0.89 0.0903774	0.89 0.0903559
0.9 0.0903589	0.9 0.0903354
0.91 0.0903392	0.91 0.0903149
0.92 0.0903185	0.92 0.0902944
0.93 0.0902968	0.93 0.0902739
0.94 0.0902743	0.94 0.0902534
0.95 0.0902509	0.95 0.0902329
0.96 0.0902268	0.96 0.0902124
0.97 0.090202	0.97 0.0901919
0.98 0.0901765	0.98 0.0901647
0.99 0.0901505	0.99 0.0901375
1 0.090124	1 0.0901102
1.01 0.090097	1.01 0.090083
1.02 0.0900695	1.02 0.0900558
1.03 0.0900416	1.03 0.0900286
1.04 0.0900134	1.04 0.0900014
1.05 0.0899848	1.05 0.0899742
1.06 0.0899559	1.06 0.089947
1.07 0.0899267	1.07 0.0899197
1.08 0.0898972	1.08 0.0898897
1.09 0.0898675	1.09 0.0898597
1.1 0.0898376	1.1 0.0898296
1.11 0.0898075	1.11 0.0897996
1.12 0.0897773	1.12 0.0897696
1.13 0.0897469	1.13 0.0897395
1.14 0.0897163	1.14 0.0897095
1.15 0.0896856	1.15 0.0896795
1.16 0.0896548	1.16 0.0896494
1.17 0.0896239	1.17 0.0896194
1.18 0.0895929	1.18 0.0895883
1.19 0.0895618	1.19 0.0895572
1.2 0.0895306	1.2 0.0895261
1.21 0.0894994	1.21 0.089495
1.22 0.0894681	1.22 0.0894639
1.23 0.0894368	1.23 0.0894328
1.24 0.0894054	1.24 0.0894017
1.25 0.089374	1.25 0.0893706
1.26 0.0893425	1.26 0.0893395
1.27 0.089311	1.27 0.0893084
1.28 0.0892795	1.28 0.0892769
1.29 0.089248	1.29 0.0892455
1.3 0.0892164	1.3 0.089214
1.31 0.0891848	1.31 0.0891825
1.32 0.0891532	1.32 0.0891511
1.33 0.0891216	1.33 0.0891196
1.34 0.08909	1.34 0.0890881
1.35 0.0890584	1.35 0.0890567
1.36 0.0890267	1.36 0.0890252
1.37 0.0889951	1.37 0.0889938
1.38 0.0889634	1.38 0.0889621
1.39 0.0889317	1.39 0.0889305
1.4 0.0889	1.4 0.0888989
1.41 0.0888683	1.41 0.0888673
1.42 0.0888366	1.42 0.0888356
1.43 0.0888049	1.43 0.088804
1.44 0.0887732	1.44 0.0887724
1.45 0.0887414	1.45 0.0887408
1.46 0.0887096	1.46 0.0887091
1.47 0.0886779	1.47 0.0886775
1.48 0.0886461	1.48 0.0886457
1.49 0.0886142	1.49 0.0886138
1.5 0.0885824	1.5 0.088582
1.51 0.0885505	1.51 0.0885501
1.52 0.0885186	1.52 0.0885183
1.53 0.0884867	1.53 0.0884865
1.54 0.0884548	1.54 0.0884546
1.55 0.0884228	1.55 0.0884228
1.56 0.0883908	1.56 0.0883909
1.57 0.0883588	1.57 0.0883591
1.58 0.0883267	1.58 0.0883269
1.59 0.0882946	1.59 0.0882947
1.6 0.0882624	1.6 0.0882625
1.61 0.0882303	1.61 0.0882303
1.62 0.088198	1.62 0.0881981
1.63 0.0881658	1.63 0.0881658
1.64 0.0881334	1.64 0.0881336
1.65 0.0881011	1.65 0.0881014
1.66 0.0880686	1.66 0.0880692
1.67 0.0880362	1.67 0.088037
1.68 0.0880036	1.68 0.0880042
1.69 0.0879711	1.69 0.0879715
1.7 0.0879384	1.7 0.0879387
1.71 0.0879057	1.71 0.0879059
1.72 0.087873	1.72 0.0878732
1.73 0.0878401	1.73 0.0878404
1.74 0.0878072	1.74 0.0878076
1.75 0.0877743	1.75 0.0877749
1.76 0.0877412	1.76 0.0877421
1.77 0.0877081	1.77 0.0877093
1.78 0.087675	1.78 0.0876758
1.79 0.0876417	1.79 0.0876423
1.8 0.0876084	1.8 0.0876088
1.81 0.087575	1.81 0.0875753
1.82 0.0875415	1.82 0.0875418
1.83 0.087508	1.83 0.0875083
1.84 0.0874743	1.84 0.0874748
1.85 0.0874406	1.85 0.0874413
1.86 0.0874068	1.86 0.0874078
1.87 0.0873729	1.87 0.0873743
1.88 0.0873389	1.88 0.08734
1.89 0.0873048	1.89 0.0873056
1.9 0.0872707	1.9 0.0872712
1.91 0.0872364	1.91 0.0872368
1.92 0.0872021	1.92 0.0872024
1.93 0.0871676	1.93 0.0871681
1.94 0.0871331	1.94 0.0871337
1.95 0.0870985	1.95 0.0870993
1.96 0.0870637	1.96 0.0870649
1.97 0.0870289	1.97 0.0870305
1.98 0.086994	1.98 0.0869952
1.99 0.086959	1.99 0.0869598
2 0.0869238	2 0.0869244
2.01 0.0868886	2.01 0.0868891
2.02 0.0868533	2.02 0.0868537
2.03 0.0868179	2.03 0.0868183
2.04 0.0867823	2.04 0.086783
2.05 0.0867467	2.05 0.0867476
2.06 0.0867109	2.06 0.0867122
2.07 0.0866751	2.07 0.0866768
2.08 0.0866391	2.08 0.0866404
2.09 0.0866031	2.09 0.086604
2.1 0.0865669	2.1 0.0865675
2.11 0.0865306	2.11 0.0865311
2.12 0.0864942	2.12 0.0864947
2.13 0.0864577	2.13 0.0864582
2.14 0.0864211	2.14 0.0864218
2.15 0.0863844	2.15 0.0863854
2.16 0.0863476	2.16 0.0863489
2.17 0.0863107	2.17 0.0863125
2.18 0.0862736	2.18 0.086275
2.19 0.0862365	2.19 0.0862374
2.2 0.0861992	2.2 0.0861999
2.21 0.0861618	2.21 0.0861624
2.22 0.0861244	2.22 0.0861248
2.23 0.0860868	2.23 0.0860873
2.24 0.0860491	2.24 0.0860498
2.25 0.0860113	2.25 0.0860122
2.26 0.0859733	2.26 0.0859747
2.27 0.0859353	2.27 0.0859372
2.28 0.0858971	2.28 0.0858985
2.29 0.0858589	2.29 0.0858599
2.3 0.0858205	2.3 0.0858212
2.31 0.085782	2.31 0.0857826
2.32 0.0857435	2.32 0.085744
2.33 0.0857048	2.33 0.0857053
2.34 0.085666	2.34 0.0856667
2.35 0.085627	2.35 0.0856281
2.36 0.085588	2.36 0.0855894
2.37 0.0855489	2.37 0.0855508
2.38 0.0855096	2.38 0.0855111
2.39 0.0854703	2.39 0.0854713
2.4 0.0854308	2.4 0.0854316
2.41 0.0853913	2.41 0.0853919
2.42 0.0853516	2.42 0.0853522
2.43 0.0853118	2.43 0.0853124
2.44 0.0852719	2.44 0.0852727
2.45 0.0852319	2.45 0.085233
2.46 0.0851919	2.46 0.0851933
2.47 0.0851517	2.47 0.0851536
2.48 0.0851114	2.48 0.0851128
2.49 0.0850709	2.49 0.085072
2.5 0.0850304	2.5 0.0850313
2.51 0.0849898	2.51 0.0849905
2.52 0.0849491	2.52 0.0849498
2.53 0.0849083	2.53 0.084909
2.54 0.0848674	2.54 0.0848682
2.55 0.0848264	2.55 0.0848275
2.56 0.0847853	2.56 0.0847867
2.57 0.0847441	2.57 0.084746
2.58 0.0847028	2.58 0.0847042
2.59 0.0846614	2.59 0.0846625
2.6 0.0846199	2.6 0.0846208
2.61 0.0845783	2.61 0.084579
2.62 0.0845366	2.62 0.0845373
2.63 0.0844948	2.63 0.0844956
2.64 0.0844529	2.64 0.0844538
2.65 0.0844109	2.65 0.0844121
2.66 0.0843689	2.66 0.0843703
2.67 0.0843267	2.67 0.0843286
2.68 0.0842845	2.68 0.084286
2.69 0.0842422	2.69 0.0842433
2.7 0.0841997	2.7 0.0842007
2.71 0.0841572	2.71 0.0841581
2.72 0.0841146	2.72 0.0841154
2.73 0.084072	2.73 0.0840728
2.74 0.0840292	2.74 0.0840302
2.75 0.0839864	2.75 0.0839875
2.76 0.0839434	2.76 0.0839449
2.77 0.0839004	2.77 0.0839023
2.78 0.0838573	2.78 0.0838588
2.79 0.0838142	2.79 0.0838154
2.8 0.0837709	2.8 0.083772
2.81 0.0837276	2.81 0.0837285
2.82 0.0836842	2.82 0.0836851
2.83 0.0836407	2.83 0.0836416
2.84 0.0835971	2.84 0.0835982
2.85 0.0835535	2.85 0.0835548
2.86 0.0835098	2.86 0.0835113
2.87 0.083466	2.87 0.0834679
2.88 0.0834222	2.88 0.0834237
2.89 0.0833783	2.89 0.0833796
2.9 0.0833343	2.9 0.0833354
2.91 0.0832902	2.91 0.0832913
2.92 0.0832461	2.92 0.0832471
2.93 0.0832019	2.93 0.083203
2.94 0.0831577	2.94 0.0831588
2.95 0.0831134	2.95 0.0831146
2.96 0.083069	2.96 0.0830705
2.97 0.0830245	2.97 0.0830263
2.98 0.08298	2.98 0.0829816
2.99 0.0829355	2.99 0.0829368
3 0.0828909	3 0.0828921
3.01 0.0828462	3.01 0.0828473
3.02 0.0828015	3.02 0.0828025
3.03 0.0827567	3.03 0.0827578
3.04 0.0827118	3.04 0.082713
3.05 0.0826669	3.05 0.0826683
3.06 0.082622	3.06 0.0826235
3.07 0.082577	3.07 0.0825787
3.08 0.0825319	3.08 0.0825335
3.09 0.0824868	3.09 0.0824882
3.1 0.0824417	3.1 0.0824429
3.11 0.0823965	3.11 0.0823977
3.12 0.0823512	3.12 0.0823524
3.13 0.0823059	3.13 0.0823072
3.14 0.0822606	3.14 0.0822619
3.15 0.0822152	3.15 0.0822166
3.16 0.0821698	3.16 0.0821714
3.17 0.0821244	3.17 0.0821261
3.18 0.0820789	3.18 0.0820805
3.19 0.0820334	3.19 0.0820348
3.2 0.0819878	3.2 0.0819891
3.21 0.0819422	3.21 0.0819435
3.22 0.0818966	3.22 0.0818978
3.23 0.0818509	3.23 0.0818522
3.24 0.0818052	3.24 0.0818065
3.25 0.0817594	3.25 0.0817609
3.26 0.0817137	3.26 0.0817152
3.27 0.0816679	3.27 0.0816696
3.28 0.0816221	3.28 0.0816236
3.29 0.0815762	3.29 0.0815777
3.3 0.0815303	3.3 0.0815318
3.31 0.0814844	3.31 0.0814858
3.32 0.0814385	3.32 0.0814399
3.33 0.0813926	3.33 0.081394
3.34 0.0813466	3.34 0.081348
3.35 0.0813006	3.35 0.0813021
3.36 0.0812546	3.36 0.0812562
3.37 0.0812086	3.37 0.0812102
3.38 0.0811625	3.38 0.0811641
3.39 0.0811165	3.39 0.081118
3.4 0.0810704	3.4 0.0810719
3.41 0.0810243	3.41 0.0810258
3.42 0.0809782	3.42 0.0809797
3.43 0.0809321	3.43 0.0809336
3.44 0.080886	3.44 0.0808875
3.45 0.0808398	3.45 0.0808414
3.46 0.0807937	3.46 0.0807953
3.47 0.0807475	3.47 0.0807492
3.48 0.0807014	3.48 0.080703
3.49 0.0806552	3.49 0.0806568
3.5 0.0806091	3.5 0.0806106
3.51 0.0805629	3.51 0.0805645
3.52 0.0805167	3.52 0.0805183
3.53 0.0804706	3.53 0.0804721
3.54 0.0804244	3.54 0.080426
3.55 0.0803782	3.55 0.0803798
3.56 0.080332	3.56 0.0803336
3.57 0.0802859	3.57 0.0802875
3.58 0.0802397	3.58 0.0802413
3.59 0.0801936	3.59 0.0801952
3.6 0.0801474	3.6 0.0801491
3.61 0.0801013	3.61 0.0801029
3.62 0.0800551	3.62 0.0800568
3.63 0.080009	3.63 0.0800107
3.64 0.0799629	3.64 0.0799646
3.65 0.0799168	3.65 0.0799184
3.66 0.0798707	3.66 0.0798723
3.67 0.0798247	3.67 0.0798262
3.68 0.0797786	3.68 0.0797802
3.69 0.0797325	3.69 0.0797342
3.7 0.0796865	3.7 0.0796882
3.71 0.0796405	3.71 0.0796423
3.72 0.0795945	3.72 0.0795963
3.73 0.0795486	3.73 0.0795503
3.74 0.0795026	3.74 0.0795043
3.75 0.0794567	3.75 0.0794583
3.76 0.0794108	3.76 0.0794124
3.77 0.0793649	3.77 0.0793664
3.78 0.079319	3.78 0.0793206
3.79 0.0792732	3.79 0.0792749
3.8 0.0792274	3.8 0.0792292
3.81 0.0791816	3.81 0.0791834
3.82 0.0791359	3.82 0.0791377
3.83 0.0790901	3.83 0.079092
3.84 0.0790445	3.84 0.0790462
3.85 0.0789988	3.85 0.0790005
3.86 0.0789532	3.86 0.0789548
3.87 0.0789076	3.87 0.078909
3.88 0.078862	3.88 0.0788636
3.89 0.0788165	3.89 0.0788183
3.9 0.078771	3.9 0.0787729
3.91 0.0787256	3.91 0.0787275
3.92 0.0786802	3.92 0.0786821
3.93 0.0786348	3.93 0.0786367
3.94 0.0785895	3.94 0.0785913
3.95 0.0785442	3.95 0.0785459
3.96 0.0784989	3.96 0.0785005
3.97 0.0784537	3.97 0.0784551
3.98 0.0784085	3.98 0.0784102
3.99 0.0783634	3.99 0.0783652
4 0.0783184	4 0.0783203
4.01 0.0782733	4.01 0.0782753
4.02 0.0782283	4.02 0.0782303
4.03 0.0781834	4.03 0.0781854
4.04 0.0781385	4.04 0.0781404
4.05 0.0780937	4.05 0.0780955
4.06 0.0780489	4.06 0.0780505
4.07 0.0780042	4.07 0.0780056
4.08 0.0779595	4.08 0.0779611
4.09 0.0779149	4.09 0.0779167
4.1 0.0778703	4.1 0.0778723
4.11 0.0778258	4.11 0.0778278
4.12 0.0777813	4.12 0.0777834
4.13 0.0777369	4.13 0.0777389
4.14 0.0776926	4.14 0.0776945
4.15 0.0776483	4.15 0.0776501
4.16 0.077604	4.16 0.0776056
4.17 0.0775599	4.17 0.0775612
4.18 0.0775157	4.18 0.0775174
4.19 0.0774717	4.19 0.0774735
4.2 0.0774277	4.2 0.0774297
4.21 0.0773838	4.21 0.0773859
4.22 0.0773399	4.22 0.077342
4.23 0.0772961	4.23 0.0772982
4.24 0.0772524	4.24 0.0772544
4.25 0.0772087	4.25 0.0772106
4.26 0.0771651	4.26 0.0771667
4.27 0.0771216	4.27 0.0771229
4.28 0.0770781	4.28 0.0770797
4.29 0.0770347	4.29 0.0770366
4.3 0.0769914	4.3 0.0769934
4.31 0.0769481	4.31 0.0769503
4.32 0.076905	4.32 0.0769072
4.33 0.0768618	4.33 0.076864
4.34 0.0768188	4.34 0.0768209
4.35 0.0767758	4.35 0.0767777
4.36 0.0767329	4.36 0.0767346
4.37 0.0766901	4.37 0.0766914
4.38 0.0766474	4.38 0.076649
4.39 0.0766047	4.39 0.0766066
4.4 0.0765621	4.4 0.0765642
4.41 0.0765196	4.41 0.0765218
4.42 0.0764772	4.42 0.0764794
4.43 0.0764348	4.43 0.076437
4.44 0.0763926	4.44 0.0763947
4.45 0.0763504	4.45 0.0763523
4.46 0.0763083	4.46 0.0763099
4.47 0.0762662	4.47 0.0762675
4.48 0.0762243	4.48 0.0762259
4.49 0.0761824	4.49 0.0761843
4.5 0.0761406	4.5 0.0761428
4.51 0.0760989	4.51 0.0761012
4.52 0.0760573	4.52 0.0760596
4.53 0.0760158	4.53 0.0760181
4.54 0.0759744	4.54 0.0759765
4.55 0.075933	4.55 0.0759349
4.56 0.0758917	4.56 0.0758933
4.57 0.0758506	4.57 0.0758518
4.58 0.0758095	4.58 0.0758111
4.59 0.0757685	4.59 0.0757704
4.6 0.0757276	4.6 0.0757297
4.61 0.0756867	4.61 0.075689
4.62 0.075646	4.62 0.0756484
4.63 0.0756054	4.63 0.0756077
4.64 0.0755648	4.64 0.075567
4.65 0.0755244	4.65 0.0755263
4.66 0.075484	4.66 0.0754856
4.67 0.0754438	4.67 0.0754449
4.68 0.0754036	4.68 0.0754052
4.69 0.0753635	4.69 0.0753655
4.7 0.0753235	4.7 0.0753257
4.71 0.0752836	4.71 0.075286
4.72 0.0752439	4.72 0.0752462
4.73 0.0752042	4.73 0.0752065
4.74 0.0751646	4.74 0.0751668
4.75 0.0751251	4.75 0.075127
4.76 0.0750857	4.76 0.0750873
4.77 0.0750464	4.77 0.0750475
4.78 0.0750072	4.78 0.0750088
4.79 0.0749681	4.79 0.0749701
4.8 0.0749291	4.8 0.0749313
4.81 0.0748902	4.81 0.0748926
4.82 0.0748514	4.82 0.0748538
4.83 0.0748127	4.83 0.0748151
4.84 0.0747741	4.84 0.0747764
4.85 0.0747357	4.85 0.0747376
4.86 0.0746973	4.86 0.0746989
4.87 0.074659	4.87 0.0746601
4.88 0.0746208	4.88 0.0746224
4.89 0.0745828	4.89 0.0745847
4.9 0.0745448	4.9 0.074547
4.91 0.074507	4.91 0.0745094
4.92 0.0744692	4.92 0.0744717
4.93 0.0744316	4.93 0.074434
4.94 0.074394	4.94 0.0743963
4.95 0.0743566	4.95 0.0743586
4.96 0.0743193	4.96 0.0743209
4.97 0.0742821	4.97 0.0742832
4.98 0.074245	4.98 0.0742466
4.99 0.074208	4.99 0.07421
5 0.0741711	5 0.0741734
5.01 0.0741344	5.01 0.0741368
5.02 0.0740977	5.02 0.0741002
5.03 0.0740612	5.03 0.0740636
5.04 0.0740247	5.04 0.074027
5.05 0.0739884	5.05 0.0739904
5.06 0.0739522	5.06 0.0739538
5.07 0.0739161	5.07 0.0739172
5.08 0.0738801	5.08 0.0738817
5.09 0.0738442	5.09 0.0738462
5.1 0.0738085	5.1 0.0738107
5.11 0.0737728	5.11 0.0737753
5.12 0.0737373	5.12 0.0737398
5.13 0.0737019	5.13 0.0737043
5.14 0.0736666	5.14 0.0736688
5.15 0.0736314	5.15 0.0736334
5.16 0.0735963	5.16 0.0735979
5.17 0.0735614	5.17 0.0735624
5.18 0.0735266	5.18 0.0735281
5.19 0.0734918	5.19 0.0734938
5.2 0.0734572	5.2 0.0734595
5.21 0.0734228	5.21 0.0734252
5.22 0.0733884	5.22 0.0733909
5.23 0.0733541	5.23 0.0733566
5.24 0.07332	5.24 0.0733223
5.25 0.073286	5.25 0.073288
5.26 0.0732521	5.26 0.0732537
5.27 0.0732183	5.27 0.0732193
5.28 0.0731847	5.28 0.0731862
5.29 0.0731512	5.29 0.0731531
5.3 0.0731177	5.3 0.07312
5.31 0.0730845	5.31 0.0730869
5.32 0.0730513	5.32 0.0730538
5.33 0.0730182	5.33 0.0730207
5.34 0.0729853	5.34 0.0729876
5.35 0.0729525	5.35 0.0729545
5.36 0.0729198	5.36 0.0729214
5.37 0.0728873	5.37 0.0728882
5.38 0.0728548	5.38 0.0728564
5.39 0.0728225	5.39 0.0728245
5.4 0.0727903	5.4 0.0727926
5.41 0.0727582	5.41 0.0727607
5.42 0.0727263	5.42 0.0727288
5.43 0.0726945	5.43 0.0726969
5.44 0.0726628	5.44 0.072665
5.45 0.0726312	5.45 0.0726331
5.46 0.0725997	5.46 0.0726013
5.47 0.0725684	5.47 0.0725694
5.48 0.0725372	5.48 0.0725387
5.49 0.0725061	5.49 0.0725081
5.5 0.0724752	5.5 0.0724775
5.51 0.0724444	5.51 0.0724468
5.52 0.0724137	5.52 0.0724162
5.53 0.0723831	5.53 0.0723855
5.54 0.0723526	5.54 0.0723549
5.55 0.0723223	5.55 0.0723243
5.56 0.0722921	5.56 0.0722936
5.57 0.072262	5.57 0.072263
5.58 0.0722321	5.58 0.0722336
5.59 0.0722023	5.59 0.0722042
5.6 0.0721726	5.6 0.0721749
5.61 0.072143	5.61 0.0721455
5.62 0.0721136	5.62 0.0721161
5.63 0.0720843	5.63 0.0720867
5.64 0.0720551	5.64 0.0720574
5.65 0.0720261	5.65 0.072028
5.66 0.0719971	5.66 0.0719986
5.67 0.0719683	5.67 0.0719692
5.68 0.0719397	5.68 0.0719412
5.69 0.0719111	5.69 0.0719131
5.7 0.0718827	5.7 0.071885
5.71 0.0718544	5.71 0.0718569
5.72 0.0718263	5.72 0.0718288
5.73 0.0717983	5.73 0.0718007
5.74 0.0717704	5.74 0.0717726
5.75 0.0717426	5.75 0.0717445
5.76 0.071715	5.76 0.0717164
5.77 0.0716874	5.77 0.0716883
5.78 0.0716601	5.78 0.0716615
5.79 0.0716328	5.79 0.0716347
5.8 0.0716057	5.8 0.0716079
5.81 0.0715787	5.81 0.0715811
5.82 0.0715518	5.82 0.0715543
5.83 0.0715251	5.83 0.0715275
5.84 0.0714985	5.84 0.0715008
5.85 0.071472	5.85 0.071474
5.86 0.0714457	5.86 0.0714472
5.87 0.0714195	5.87 0.0714204
5.88 0.0713934	5.88 0.0713949
5.89 0.0713675	5.89 0.0713694
5.9 0.0713417	5.9 0.0713439
5.91 0.071316	5.91 0.0713184
5.92 0.0712904	5.92 0.0712929
5.93 0.071265	5.93 0.0712674
5.94 0.0712397	5.94 0.0712419
5.95 0.0712145	5.95 0.0712164
5.96 0.0711895	5.96 0.0711909
5.97 0.0711646	5.97 0.0711654
5.98 0.0711398	5.98 0.0711413
5.99 0.0711152	5.99 0.0711171
6 0.0710907	6 0.0710929
6.01 0.0710663	6.01 0.0710687
6.02 0.071042	6.02 0.0710445
6.03 0.0710179	6.03 0.0710203
6.04 0.070994	6.04 0.0709962
6.05 0.0709701	6.05 0.070972
6.06 0.0709464	6.06 0.0709478
6.07 0.0709228	6.07 0.0709236
6.08 0.0708993	6.08 0.0709007
6.09 0.070876	6.09 0.0708779
6.1 0.0708528	6.1 0.070855
6.11 0.0708297	6.11 0.0708321
6.12 0.0708068	6.12 0.0708093
6.13 0.070784	6.13 0.0707864
6.14 0.0707613	6.14 0.0707635
6.15 0.0707388	6.15 0.0707407
6.16 0.0707164	6.16 0.0707178
6.17 0.0706941	6.17 0.0706949
6.18 0.070672	6.18 0.0706734
6.19 0.07065	6.19 0.0706518
6.2 0.0706281	6.2 0.0706303
6.21 0.0706063	6.21 0.0706087
6.22 0.0705847	6.22 0.0705872
6.23 0.0705632	6.23 0.0705656
6.24 0.0705419	6.24 0.070544
6.25 0.0705207	6.25 0.0705225
6.26 0.0704996	6.26 0.0705009
6.27 0.0704786	6.27 0.0704794
6.28 0.0704578	6.28 0.0704591
6.29 0.0704371	6.29 0.0704389
6.3 0.0704165	6.3 0.0704187
6.31 0.0703961	6.31 0.0703984
6.32 0.0703758	6.32 0.0703782
6.33 0.0703556	6.33 0.0703579
6.34 0.0703356	6.34 0.0703377
6.35 0.0703156	6.35 0.0703175
6.36 0.0702959	6.36 0.0702972
6.37 0.0702762	6.37 0.070277
6.38 0.0702567	6.38 0.070258
6.39 0.0702373	6.39 0.0702391
6.4 0.0702181	6.4 0.0702202
6.41 0.0701989	6.41 0.0702012
6.42 0.0701799	6.42 0.0701823
6.43 0.0701611	6.43 0.0701634
6.44 0.0701423	6.44 0.0701445
6.45 0.0701237	6.45 0.0701255
6.46 0.0701053	6.46 0.0701066
6.47 0.0700869	6.47 0.0700877
6.48 0.0700687	6.48 0.07007
6.49 0.0700506	6.49 0.0700524
6.5 0.0700327	6.5 0.0700348
6.51 0.0700148	6.51 0.0700171
6.52 0.0699972	6.52 0.0699995
6.53 0.0699796	6.53 0.0699819
6.54 0.0699622	6.54 0.0699643
6.55 0.0699449	6.55 0.0699466
6.56 0.0699277	6.56 0.069929
6.57 0.0699106	6.57 0.0699114
6.58 0.0698937	6.58 0.069895
6.59 0.0698769	6.59 0.0698787
6.6 0.0698603	6.6 0.0698624
6.61 0.0698438	6.61 0.069846
6.62 0.0698274	6.62 0.0698297
6.63 0.0698111	6.63 0.0698134
6.64 0.069795	6.64 0.069797
6.65 0.0697789	6.65 0.0697807
6.66 0.0697631	6.66 0.0697644
6.67 0.0697473	6.67 0.069748
6.68 0.0697317	6.68 0.069733
6.69 0.0697162	6.69 0.0697179
6.7 0.0697008	6.7 0.0697029
6.71 0.0696856	6.71 0.0696878
6.72 0.0696705	6.72 0.0696728
6.73 0.0696555	6.73 0.0696577
6.74 0.0696406	6.74 0.0696427
6.75 0.0696259	6.75 0.0696276
6.76 0.0696113	6.76 0.0696126
6.77 0.0695968	6.77 0.0695975
6.78 0.0695825	6.78 0.0695837
6.79 0.0695683	6.79 0.06957
6.8 0.0695542	6.8 0.0695562
6.81 0.0695402	6.81 0.0695424
6.82 0.0695264	6.82 0.0695286
6.83 0.0695127	6.83 0.0695149
6.84 0.0694991	6.84 0.0695011
6.85 0.0694856	6.85 0.0694873
6.86 0.0694723	6.86 0.0694735
6.87 0.0694591	6.87 0.0694597
6.88 0.069446	6.88 0.0694472
6.89 0.069433	6.89 0.0694347
6.9 0.0694202	6.9 0.0694222
6.91 0.0694075	6.91 0.0694097
6.92 0.0693949	6.92 0.0693972
6.93 0.0693825	6.93 0.0693846
6.94 0.0693701	6.94 0.0693721
6.95 0.0693579	6.95 0.0693596
6.96 0.0693459	6.96 0.0693471
6.97 0.0693339	6.97 0.0693346
6.98 0.0693221	6.98 0.0693233
6.99 0.0693104	6.99 0.069312
7 0.0692988	7 0.0693007
7.01 0.0692873	7.01 0.0692895
7.02 0.069276	7.02 0.0692782
7.03 0.0692648	7.03 0.0692669
7.04 0.0692537	7.04 0.0692557
7.05 0.0692427	7.05 0.0692444
7.06 0.0692319	7.06 0.0692331
7.07 0.0692212	7.07 0.0692218
7.08 0.0692106	7.08 0.0692118
7.09 0.0692001	7.09 0.0692017
7.1 0.0691898	7.1 0.0691917
7.11 0.0691795	7.11 0.0691817
7.12 0.0691694	7.12 0.0691716
7.13 0.0691595	7.13 0.0691616
7.14 0.0691496	7.14 0.0691515
7.15 0.0691399	7.15 0.0691415
7.16 0.0691302	7.16 0.0691314
7.17 0.0691207	7.17 0.0691214
7.18 0.0691114	7.18 0.0691125
7.19 0.0691021	7.19 0.0691037
7.2 0.069093	7.2 0.0690949
7.21 0.069084	7.21 0.069086
7.22 0.0690751	7.22 0.0690772
7.23 0.0690663	7.23 0.0690684
7.24 0.0690577	7.24 0.0690595
7.25 0.0690491	7.25 0.0690507
7.26 0.0690407	7.26 0.0690419
7.27 0.0690324	7.27 0.069033
7.28 0.0690243	7.28 0.0690254
7.29 0.0690162	7.29 0.0690178
7.3 0.0690083	7.3 0.0690101
7.31 0.0690004	7.31 0.0690025
7.32 0.0689928	7.32 0.0689948
7.33 0.0689852	7.33 0.0689872
7.34 0.0689777	7.34 0.0689796
7.35 0.0689704	7.35 0.0689719
7.36 0.0689631	7.36 0.0689643
7.37 0.068956	7.37 0.0689566
7.38 0.068949	7.38 0.0689502
7.39 0.0689422	7.39 0.0689437
7.4 0.0689354	7.4 0.0689372
7.41 0.0689288	7.41 0.0689308
7.42 0.0689222	7.42 0.0689243
7.43 0.0689158	7.43 0.0689178
7.44 0.0689096	7.44 0.0689114
7.45 0.0689034	7.45 0.0689049
7.46 0.0688973	7.46 0.0688984
7.47 0.0688914	7.47 0.068892
7.48 0.0688855	7.48 0.0688867
7.49 0.0688798	7.49 0.0688813
7.5 0.0688742	7.5 0.068876
7.51 0.0688688	7.51 0.0688707
7.52 0.0688634	7.52 0.0688654
7.53 0.0688581	7.53 0.0688601
7.54 0.068853	7.54 0.0688548
7.55 0.068848	7.55 0.0688495
7.56 0.0688431	7.56 0.0688441
7.57 0.0688383	7.57 0.0688388
7.58 0.0688336	7.58 0.0688347
7.59 0.068829	7.59 0.0688305
7.6 0.0688245	7.6 0.0688263
7.61 0.0688202	7.61 0.0688221
7.62 0.0688159	7.62 0.0688179
7.63 0.0688118	7.63 0.0688137
7.64 0.0688078	7.64 0.0688096
7.65 0.0688039	7.65 0.0688054
7.66 0.0688001	7.66 0.0688012
7.67 0.0687965	7.67 0.068797
7.68 0.0687929	7.68 0.068794
7.69 0.0687894	7.69 0.0687909
7.7 0.0687861	7.7 0.0687878
7.71 0.0687829	7.71 0.0687847
7.72 0.0687797	7.72 0.0687817
7.73 0.0687767	7.73 0.0687786
7.74 0.0687738	7.74 0.0687755
7.75 0.068771	7.75 0.0687725
7.76 0.0687683	7.76 0.0687694
7.77 0.0687658	7.77 0.0687663
7.78 0.0687633	7.78 0.0687643
7.79 0.0687609	7.79 0.0687624
7.8 0.0687587	7.8 0.0687604
7.81 0.0687566	7.81 0.0687584
7.82 0.0687545	7.82 0.0687564
7.83 0.0687526	7.83 0.0687544
7.84 0.0687508	7.84 0.0687525
7.85 0.0687491	7.85 0.0687505
7.86 0.0687475	7.86 0.0687485
7.87 0.068746	7.87 0.0687465
7.88 0.0687446	7.88 0.0687456
7.89 0.0687433	7.89 0.0687447
7.9 0.0687421	7.9 0.0687438
7.91 0.068741	7.91 0.0687429
7.92 0.0687401	7.92 0.0687419
7.93 0.0687392	7.93 0.068741
7.94 0.0687385	7.94 0.0687401
7.95 0.0687378	7.95 0.0687392
7.96 0.0687373	7.96 0.0687383
7.97 0.0687368	7.97 0.0687374
7.98 0.0687365	7.98 0.0687375
7.99 0.0687363	7.99 0.0687376
8 0.0687361	8 0.0687378
8.01 0.0687361	8.01 0.0687379
8.02 0.0687362	8.02 0.068738
8.03 0.0687364	8.03 0.0687381
8.04 0.0687367	8.04 0.0687383
8.05 0.068737	8.05 0.0687384
8.06 0.0687375	8.06 0.0687385
8.07 0.0687381	8.07 0.0687387
8.08 0.0687388	8.08 0.0687398
8.09 0.0687396	8.09 0.068741
8.1 0.0687405	8.1 0.0687421
8.11 0.0687415	8.11 0.0687433
8.12 0.0687426	8.12 0.0687444
8.13 0.0687438	8.13 0.0687456
8.14 0.0687451	8.14 0.0687467
8.15 0.0687465	8.15 0.0687479
8.16 0.068748	8.16 0.068749
8.17 0.0687496	8.17 0.0687501
8.18 0.0687513	8.18 0.0687523
8.19 0.0687531	8.19 0.0687544
8.2 0.068755	8.2 0.0687566
8.21 0.068757	8.21 0.0687587
8.22 0.0687591	8.22 0.0687609
8.23 0.0687613	8.23 0.068763
8.24 0.0687636	8.24 0.0687652
8.25 0.068766	8.25 0.0687673
8.26 0.0687685	8.26 0.0687695
8.27 0.0687711	8.27 0.0687716
8.28 0.0687738	8.28 0.0687747
8.29 0.0687766	8.29 0.0687779
8.3 0.0687795	8.3 0.068781
8.31 0.0687824	8.31 0.0687841
8.32 0.0687855	8.32 0.0687872
8.33 0.0687887	8.33 0.0687903
8.34 0.0687919	8.34 0.0687934
8.35 0.0687953	8.35 0.0687966
8.36 0.0687988	8.36 0.0687997
8.37 0.0688023	8.37 0.0688028
8.38 0.068806	8.38 0.0688069
8.39 0.0688097	8.39 0.0688109
8.4 0.0688135	8.4 0.068815
8.41 0.0688175	8.41 0.0688191
8.42 0.0688215	8.42 0.0688231
8.43 0.0688256	8.43 0.0688272
8.44 0.0688298	8.44 0.0688313
8.45 0.0688341	8.45 0.0688354
8.46 0.0688385	8.46 0.0688394
8.47 0.068843	8.47 0.0688435
8.48 0.0688476	8.48 0.0688485
8.49 0.0688523	8.49 0.0688535
8.5 0.068857	8.5 0.0688585
8.51 0.0688619	8.51 0.0688635
8.52 0.0688668	8.52 0.0688685
8.53 0.0688719	8.53 0.0688735
8.54 0.068877	8.54 0.0688785
8.55 0.0688822	8.55 0.0688834
8.56 0.0688876	8.56 0.0688884
8.57 0.068893	8.57 0.0688934
8.58 0.0688985	8.58 0.0688993
8.59 0.068904	8.59 0.0689052
8.6 0.0689097	8.6 0.0689111
8.61 0.0689155	8.61 0.068917
8.62 0.0689213	8.62 0.0689229
8.63 0.0689273	8.63 0.0689288
8.64 0.0689333	8.64 0.0689347
8.65 0.0689394	8.65 0.0689406
8.66 0.0689456	8.66 0.0689465
8.67 0.0689519	8.67 0.0689524
8.68 0.0689583	8.68 0.0689592
8.69 0.0689648	8.69 0.0689659
8.7 0.0689713	8.7 0.0689727
8.71 0.068978	8.71 0.0689795
8.72 0.0689847	8.72 0.0689863
8.73 0.0689915	8.73 0.068993
8.74 0.0689985	8.74 0.0689998
8.75 0.0690054	8.75 0.0690066
8.76 0.0690125	8.76 0.0690134
8.77 0.0690197	8.77 0.0690201
8.78 0.0690269	8.78 0.0690278
8.79 0.0690343	8.79 0.0690354
8.8 0.0690417	8.8 0.069043
8.81 0.0690492	8.81 0.0690507
8.82 0.0690568	8.82 0.0690583
8.83 0.0690645	8.83 0.0690659
8.84 0.0690722	8.84 0.0690735
8.85 0.06908	8.85 0.0690812
8.86 0.069088	8.86 0.0690888
8.87 0.069096	8.87 0.0690964
8.88 0.0691041	8.88 0.0691049
8.89 0.0691122	8.89 0.0691133
8.9 0.0691205	8.9 0.0691218
8.91 0.0691288	8.91 0.0691303
8.92 0.0691373	8.92 0.0691387
8.93 0.0691458	8.93 0.0691472
8.94 0.0691543	8.94 0.0691556
8.95 0.069163	8.95 0.0691641
8.96 0.0691718	8.96 0.0691726
8.97 0.0691806	8.97 0.069181
8.98 0.0691895	8.98 0.0691903
8.99 0.0691985	8.99 0.0691996
9 0.0692075	9 0.0692088
9.01 0.0692167	9.01 0.0692181
9.02 0.0692259	9.02 0.0692274
9.03 0.0692352	9.03 0.0692366
9.04 0.0692446	9.04 0.0692459
9.05 0.0692541	9.05 0.0692552
9.06 0.0692636	9.06 0.0692644
9.07 0.0692733	9.07 0.0692737
9.08 0.069283	9.08 0.0692837
9.09 0.0692927	9.09 0.0692938
9.1 0.0693026	9.1 0.0693038
9.11 0.0693125	9.11 0.0693139
9.12 0.0693225	9.12 0.0693239
9.13 0.0693326	9.13 0.069334
9.14 0.0693428	9.14 0.069344
9.15 0.069353	9.15 0.0693541
9.16 0.0693634	9.16 0.0693641
9.17 0.0693738	9.17 0.0693742
9.18 0.0693842	9.18 0.069385
9.19 0.0693948	9.19 0.0693958
9.2 0.0694054	9.2 0.0694066
9.21 0.0694161	9.21 0.0694174
9.22 0.0694269	9.22 0.0694282
9.23 0.0694377	9.23 0.0694391
9.24 0.0694487	9.24 0.0694499
9.25 0.0694597	9.25 0.0694607
9.26 0.0694707	9.26 0.0694715
9.27 0.0694819	9.27 0.0694823
9.28 0.0694931	9.28 0.0694939
9.29 0.0695044	9.29 0.0695054
9.3 0.0695158	9.3 0.069517
9.31 0.0695272	9.31 0.0695285
9.32 0.0695387	9.32 0.0695401
9.33 0.0695503	9.33 0.0695516
9.34 0.069562	9.34 0.0695632
9.35 0.0695737	9.35 0.0695747
9.36 0.0695855	9.36 0.0695863
9.37 0.0695974	9.37 0.0695978
9.38 0.0696093	9.38 0.0696101
9.39 0.0696214	9.39 0.0696223
9.4 0.0696335	9.4 0.0696346
9.41 0.0696456	9.41 0.0696469
9.42 0.0696578	9.42 0.0696591
9.43 0.0696702	9.43 0.0696714
9.44 0.0696825	9.44 0.0696837
9.45 0.069695	9.45 0.0696959
9.46 0.0697075	9.46 0.0697082
9.47 0.0697201	9.47 0.0697205
9.48 0.0697327	9.48 0.0697334
9.49 0.0697454	9.49 0.0697464
9.5 0.0697582	9.5 0.0697593
9.51 0.0697711	9.51 0.0697723
9.52 0.069784	9.52 0.0697853
9.53 0.069797	9.53 0.0697982
9.54 0.0698101	9.54 0.0698112
9.55 0.0698232	9.55 0.0698241
9.56 0.0698364	9.56 0.0698371
9.57 0.0698497	9.57 0.0698501
9.58 0.069863	9.58 0.0698637
9.59 0.0698764	9.59 0.0698773
9.6 0.0698899	9.6 0.069891
9.61 0.0699034	9.61 0.0699046
9.62 0.069917	9.62 0.0699182
9.63 0.0699307	9.63 0.0699319
9.64 0.0699444	9.64 0.0699455
9.65 0.0699582	9.65 0.0699591
9.66 0.0699721	9.66 0.0699728
9.67 0.069986	9.67 0.0699864
9.68 0.07	9.68 0.0700007
9.69 0.070014	9.69 0.0700149
9.7 0.0700282	9.7 0.0700292
9.71 0.0700424	9.71 0.0700435
9.72 0.0700566	9.72 0.0700578
9.73 0.0700709	9.73 0.0700721
9.74 0.0700853	9.74 0.0700864
9.75 0.0700997	9.75 0.0701006
9.76 0.0701143	9.76 0.0701149
9.77 0.0701288	9.77 0.0701292
9.78 0.0701435	9.78 0.0701441
9.79 0.0701581	9.79 0.070159
9.8 0.0701729	9.8 0.0701739
9.81 0.0701877	9.81 0.0701889
9.82 0.0702026	9.82 0.0702038
9.83 0.0702176	9.83 0.0702187
9.84 0.0702326	9.84 0.0702336
9.85 0.0702476	9.85 0.0702485
9.86 0.0702628	9.86 0.0702634
9.87 0.0702779	9.87 0.0702783
9.88 0.0702932	9.88 0.0702938
9.89 0.0703085	9.89 0.0703094
9.9 0.0703239	9.9 0.0703249
9.91 0.0703393	9.91 0.0703404
9.92 0.0703548	9.92 0.0703559
9.93 0.0703704	9.93 0.0703714
9.94 0.070386	9.94 0.070387
9.95 0.0704016	9.95 0.0704025
9.96 0.0704174	9.96 0.070418
9.97 0.0704332	9.97 0.0704335
9.98 0.070449	9.98 0.0704494
9.99 0.0704649	9.99 0.0704653
10 0.0704809	10 0.0704812
