0.01 0.00170705
0.02 0.00638261
0.03 0.0134023
0.04 0.0222052
0.05 0.0322965
0.06 0.0432478
0.07 0.0546947
0.08 0.0663328
0.09 0.0779131
0.1 0.0892355
0.11 0.100144
0.12 0.110519
0.13 0.120276
0.14 0.129354
0.15 0.137717
0.16 0.145348
0.17 0.152245
0.18 0.158415
0.19 0.16388
0.2 0.168665
0.21 0.172803
0.22 0.176328
0.23 0.17928
0.24 0.181699
0.25 0.183623
0.26 0.185095
0.27 0.186153
0.28 0.186836
0.29 0.187181
0.3 0.187222
0.31 0.186993
0.32 0.186524
0.33 0.185845
0.34 0.184983
0.35 0.183962
0.36 0.182805
0.37 0.181533
0.38 0.180164
0.39 0.178716
0.4 0.177203
0.41 0.17564
0.42 0.174038
0.43 0.172409
0.44 0.170763
0.45 0.169106
0.46 0.167448
0.47 0.165794
0.48 0.16415
0.49 0.162521
0.5 0.160911
0.51 0.159324
0.52 0.157761
0.53 0.156226
0.54 0.154721
0.55 0.153246
0.56 0.151804
0.57 0.150395
0.58 0.14902
0.59 0.147679
0.6 0.146372
0.61 0.1451
0.62 0.143862
0.63 0.142658
0.64 0.141487
0.65 0.140349
0.66 0.139244
0.67 0.13817
0.68 0.137128
0.69 0.136116
0.7 0.135134
0.71 0.134181
0.72 0.133256
0.73 0.132359
0.74 0.131488
0.75 0.130643
0.76 0.129823
0.77 0.129028
0.78 0.128255
0.79 0.127506
0.8 0.126778
0.81 0.126072
0.82 0.125387
0.83 0.124721
0.84 0.124074
0.85 0.123446
0.86 0.122835
0.87 0.122242
0.88 0.121666
0.89 0.121105
0.9 0.12056
0.91 0.12003
0.92 0.119514
0.93 0.119012
0.94 0.118524
0.95 0.118048
0.96 0.117585
0.97 0.117134
0.98 0.116695
0.99 0.116266
1 0.115849
1.01 0.115442
1.02 0.115045
1.03 0.114657
1.04 0.114279
1.05 0.11391
1.06 0.11355
1.07 0.113198
1.08 0.112855
1.09 0.112519
1.1 0.112191
1.11 0.11187
1.12 0.111556
1.13 0.111249
1.14 0.110949
1.15 0.110655
1.16 0.110368
1.17 0.110086
1.18 0.10981
1.19 0.10954
1.2 0.109276
1.21 0.109016
1.22 0.108762
1.23 0.108513
1.24 0.108268
1.25 0.108028
1.26 0.107793
1.27 0.107562
1.28 0.107335
1.29 0.107113
1.3 0.106894
1.31 0.106679
1.32 0.106468
1.33 0.106261
1.34 0.106057
1.35 0.105857
1.36 0.10566
1.37 0.105466
1.38 0.105275
1.39 0.105088
1.4 0.104903
1.41 0.104721
1.42 0.104542
1.43 0.104366
1.44 0.104193
1.45 0.104022
1.46 0.103853
1.47 0.103687
1.48 0.103524
1.49 0.103362
1.5 0.103203
1.51 0.103046
1.52 0.102892
1.53 0.102739
1.54 0.102588
1.55 0.10244
1.56 0.102293
1.57 0.102148
1.58 0.102005
1.59 0.101864
1.6 0.101724
1.61 0.101586
1.62 0.10145
1.63 0.101315
1.64 0.101182
1.65 0.101051
1.66 0.100921
1.67 0.100792
1.68 0.100665
1.69 0.100539
1.7 0.100415
1.71 0.100291
1.72 0.100169
1.73 0.100049
1.74 0.0999293
1.75 0.0998111
1.76 0.0996939
1.77 0.099578
1.78 0.0994631
1.79 0.0993493
1.8 0.0992366
1.81 0.0991248
1.82 0.0990141
1.83 0.0989044
1.84 0.0987956
1.85 0.0986878
1.86 0.0985808
1.87 0.0984748
1.88 0.0983696
1.89 0.0982653
1.9 0.0981618
1.91 0.0980591
1.92 0.0979572
1.93 0.097856
1.94 0.0977557
1.95 0.097656
1.96 0.0975571
1.97 0.0974589
1.98 0.0973614
1.99 0.0972646
2 0.0971684
2.01 0.0970729
2.02 0.096978
2.03 0.0968837
2.04 0.09679
2.05 0.0966969
2.06 0.0966044
2.07 0.0965124
2.08 0.096421
2.09 0.0963301
2.1 0.0962398
2.11 0.0961499
2.12 0.0960606
2.13 0.0959718
2.14 0.0958834
2.15 0.0957956
2.16 0.0957081
2.17 0.0956212
2.18 0.0955347
2.19 0.0954486
2.2 0.0953629
2.21 0.0952777
2.22 0.0951928
2.23 0.0951084
2.24 0.0950243
2.25 0.0949406
2.26 0.0948573
2.27 0.0947744
2.28 0.0946918
2.29 0.0946096
2.3 0.0945277
2.31 0.0944462
2.32 0.094365
2.33 0.0942841
2.34 0.0942035
2.35 0.0941232
2.36 0.0940433
2.37 0.0939636
2.38 0.0938842
2.39 0.0938051
2.4 0.0937263
2.41 0.0936478
2.42 0.0935696
2.43 0.0934916
2.44 0.0934138
2.45 0.0933363
2.46 0.0932591
2.47 0.0931821
2.48 0.0931054
2.49 0.0930289
2.5 0.0929526
2.51 0.0928766
2.52 0.0928008
2.53 0.0927252
2.54 0.0926498
2.55 0.0925746
2.56 0.0924996
2.57 0.0924249
2.58 0.0923503
2.59 0.0922759
2.6 0.0922018
2.61 0.0921278
2.62 0.092054
2.63 0.0919804
2.64 0.091907
2.65 0.0918337
2.66 0.0917607
2.67 0.0916878
2.68 0.091615
2.69 0.0915425
2.7 0.0914701
2.71 0.0913979
2.72 0.0913258
2.73 0.0912539
2.74 0.0911821
2.75 0.0911105
2.76 0.091039
2.77 0.0909677
2.78 0.0908966
2.79 0.0908256
2.8 0.0907547
2.81 0.090684
2.82 0.0906134
2.83 0.0905429
2.84 0.0904726
2.85 0.0904024
2.86 0.0903324
2.87 0.0902624
2.88 0.0901926
2.89 0.090123
2.9 0.0900534
2.91 0.089984
2.92 0.0899147
2.93 0.0898456
2.94 0.0897765
2.95 0.0897076
2.96 0.0896388
2.97 0.0895701
2.98 0.0895015
2.99 0.089433
3 0.0893647
3.01 0.0892964
3.02 0.0892283
3.03 0.0891603
3.04 0.0890924
3.05 0.0890246
3.06 0.0889569
3.07 0.0888893
3.08 0.0888219
3.09 0.0887545
3.1 0.0886872
3.11 0.0886201
3.12 0.088553
3.13 0.0884861
3.14 0.0884192
3.15 0.0883525
3.16 0.0882859
3.17 0.0882193
3.18 0.0881529
3.19 0.0880865
3.2 0.0880203
3.21 0.0879542
3.22 0.0878881
3.23 0.0878222
3.24 0.0877563
3.25 0.0876906
3.26 0.0876249
3.27 0.0875594
3.28 0.0874939
3.29 0.0874286
3.3 0.0873633
3.31 0.0872981
3.32 0.0872331
3.33 0.0871681
3.34 0.0871032
3.35 0.0870384
3.36 0.0869738
3.37 0.0869092
3.38 0.0868447
3.39 0.0867803
3.4 0.086716
3.41 0.0866518
3.42 0.0865876
3.43 0.0865236
3.44 0.0864597
3.45 0.0863959
3.46 0.0863321
3.47 0.0862685
3.48 0.0862049
3.49 0.0861415
3.5 0.0860781
3.51 0.0860149
3.52 0.0859517
3.53 0.0858886
3.54 0.0858256
3.55 0.0857628
3.56 0.0857
3.57 0.0856373
3.58 0.0855747
3.59 0.0855122
3.6 0.0854498
3.61 0.0853875
3.62 0.0853253
3.63 0.0852632
3.64 0.0852012
3.65 0.0851392
3.66 0.0850774
3.67 0.0850157
3.68 0.0849541
3.69 0.0848926
3.7 0.0848311
3.71 0.0847698
3.72 0.0847086
3.73 0.0846474
3.74 0.0845864
3.75 0.0845255
3.76 0.0844646
3.77 0.0844039
3.78 0.0843433
3.79 0.0842827
3.8 0.0842223
3.81 0.084162
3.82 0.0841017
3.83 0.0840416
3.84 0.0839816
3.85 0.0839217
3.86 0.0838618
3.87 0.0838021
3.88 0.0837425
3.89 0.083683
3.9 0.0836236
3.91 0.0835643
3.92 0.0835051
3.93 0.083446
3.94 0.083387
3.95 0.0833282
3.96 0.0832694
3.97 0.0832107
3.98 0.0831522
3.99 0.0830937
4 0.0830354
4.01 0.0829771
4.02 0.082919
4.03 0.082861
4.04 0.0828031
4.05 0.0827453
4.06 0.0826876
4.07 0.08263
4.08 0.0825725
4.09 0.0825152
4.1 0.0824579
4.11 0.0824008
4.12 0.0823438
4.13 0.0822869
4.14 0.0822301
4.15 0.0821734
4.16 0.0821168
4.17 0.0820603
4.18 0.082004
4.19 0.0819478
4.2 0.0818917
4.21 0.0818357
4.22 0.0817798
4.23 0.081724
4.24 0.0816684
4.25 0.0816128
4.26 0.0815574
4.27 0.0815021
4.28 0.081447
4.29 0.0813919
4.3 0.081337
4.31 0.0812821
4.32 0.0812274
4.33 0.0811729
4.34 0.0811184
4.35 0.0810641
4.36 0.0810098
4.37 0.0809557
4.38 0.0809018
4.39 0.0808479
4.4 0.0807942
4.41 0.0807406
4.42 0.0806871
4.43 0.0806337
4.44 0.0805805
4.45 0.0805274
4.46 0.0804744
4.47 0.0804215
4.48 0.0803688
4.49 0.0803162
4.5 0.0802637
4.51 0.0802114
4.52 0.0801591
4.53 0.080107
4.54 0.0800551
4.55 0.0800032
4.56 0.0799515
4.57 0.0798999
4.58 0.0798485
4.59 0.0797971
4.6 0.0797459
4.61 0.0796949
4.62 0.0796439
4.63 0.0795931
4.64 0.0795425
4.65 0.0794919
4.66 0.0794415
4.67 0.0793912
4.68 0.0793411
4.69 0.0792911
4.7 0.0792412
4.71 0.0791914
4.72 0.0791418
4.73 0.0790923
4.74 0.079043
4.75 0.0789938
4.76 0.0789447
4.77 0.0788958
4.78 0.078847
4.79 0.0787983
4.8 0.0787497
4.81 0.0787014
4.82 0.0786531
4.83 0.078605
4.84 0.078557
4.85 0.0785091
4.86 0.0784614
4.87 0.0784139
4.88 0.0783664
4.89 0.0783191
4.9 0.078272
4.91 0.078225
4.92 0.0781781
4.93 0.0781313
4.94 0.0780847
4.95 0.0780383
4.96 0.077992
4.97 0.0779458
4.98 0.0778998
4.99 0.0778539
5 0.0778081
5.01 0.0777625
5.02 0.077717
5.03 0.0776717
5.04 0.0776265
5.05 0.0775815
5.06 0.0775366
5.07 0.0774918
5.08 0.0774472
5.09 0.0774027
5.1 0.0773584
5.11 0.0773142
5.12 0.0772702
5.13 0.0772263
5.14 0.0771826
5.15 0.077139
5.16 0.0770955
5.17 0.0770522
5.18 0.077009
5.19 0.076966
5.2 0.0769231
5.21 0.0768804
5.22 0.0768378
5.23 0.0767954
5.24 0.0767531
5.25 0.0767109
5.26 0.0766689
5.27 0.0766271
5.28 0.0765854
5.29 0.0765438
5.3 0.0765024
5.31 0.0764611
5.32 0.07642
5.33 0.0763791
5.34 0.0763382
5.35 0.0762976
5.36 0.0762571
5.37 0.0762167
5.38 0.0761765
5.39 0.0761364
5.4 0.0760964
5.41 0.0760567
5.42 0.076017
5.43 0.0759776
5.44 0.0759382
5.45 0.075899
5.46 0.07586
5.47 0.0758211
5.48 0.0757824
5.49 0.0757438
5.5 0.0757054
5.51 0.0756671
5.52 0.0756289
5.53 0.075591
5.54 0.0755531
5.55 0.0755154
5.56 0.0754779
5.57 0.0754405
5.58 0.0754033
5.59 0.0753662
5.6 0.0753293
5.61 0.0752925
5.62 0.0752559
5.63 0.0752194
5.64 0.0751831
5.65 0.0751469
5.66 0.0751109
5.67 0.075075
5.68 0.0750393
5.69 0.0750037
5.7 0.0749683
5.71 0.074933
5.72 0.0748979
5.73 0.0748629
5.74 0.0748281
5.75 0.0747934
5.76 0.0747589
5.77 0.0747245
5.78 0.0746903
5.79 0.0746563
5.8 0.0746224
5.81 0.0745886
5.82 0.074555
5.83 0.0745215
5.84 0.0744882
5.85 0.0744551
5.86 0.0744221
5.87 0.0743893
5.88 0.0743566
5.89 0.074324
5.9 0.0742916
5.91 0.0742594
5.92 0.0742273
5.93 0.0741953
5.94 0.0741636
5.95 0.0741319
5.96 0.0741004
5.97 0.0740691
5.98 0.0740379
5.99 0.0740069
6 0.073976
6.01 0.0739453
6.02 0.0739147
6.03 0.0738843
6.04 0.073854
6.05 0.0738239
6.06 0.0737939
6.07 0.0737641
6.08 0.0737344
6.09 0.0737049
6.1 0.0736756
6.11 0.0736463
6.12 0.0736173
6.13 0.0735884
6.14 0.0735596
6.15 0.073531
6.16 0.0735025
6.17 0.0734742
6.18 0.0734461
6.19 0.073418
6.2 0.0733902
6.21 0.0733625
6.22 0.0733349
6.23 0.0733075
6.24 0.0732802
6.25 0.0732531
6.26 0.0732262
6.27 0.0731994
6.28 0.0731727
6.29 0.0731462
6.3 0.0731198
6.31 0.0730936
6.32 0.0730675
6.33 0.0730416
6.34 0.0730159
6.35 0.0729902
6.36 0.0729648
6.37 0.0729395
6.38 0.0729143
6.39 0.0728893
6.4 0.0728644
6.41 0.0728397
6.42 0.0728151
6.43 0.0727906
6.44 0.0727664
6.45 0.0727422
6.46 0.0727182
6.47 0.0726944
6.48 0.0726707
6.49 0.0726472
6.5 0.0726238
6.51 0.0726005
6.52 0.0725774
6.53 0.0725545
6.54 0.0725316
6.55 0.072509
6.56 0.0724865
6.57 0.0724641
6.58 0.0724419
6.59 0.0724198
6.6 0.0723978
6.61 0.0723761
6.62 0.0723544
6.63 0.0723329
6.64 0.0723116
6.65 0.0722903
6.66 0.0722693
6.67 0.0722484
6.68 0.0722276
6.69 0.072207
6.7 0.0721865
6.71 0.0721661
6.72 0.0721459
6.73 0.0721259
6.74 0.072106
6.75 0.0720862
6.76 0.0720666
6.77 0.0720471
6.78 0.0720278
6.79 0.0720086
6.8 0.0719895
6.81 0.0719706
6.82 0.0719518
6.83 0.0719332
6.84 0.0719147
6.85 0.0718964
6.86 0.0718782
6.87 0.0718601
6.88 0.0718422
6.89 0.0718244
6.9 0.0718067
6.91 0.0717892
6.92 0.0717719
6.93 0.0717547
6.94 0.0717376
6.95 0.0717206
6.96 0.0717038
6.97 0.0716872
6.98 0.0716707
6.99 0.0716543
7 0.071638
7.01 0.0716219
7.02 0.0716059
7.03 0.0715901
7.04 0.0715744
7.05 0.0715589
7.06 0.0715434
7.07 0.0715282
7.08 0.071513
7.09 0.071498
7.1 0.0714831
7.11 0.0714684
7.12 0.0714538
7.13 0.0714393
7.14 0.071425
7.15 0.0714108
7.16 0.0713968
7.17 0.0713828
7.18 0.0713691
7.19 0.0713554
7.2 0.0713419
7.21 0.0713285
7.22 0.0713153
7.23 0.0713021
7.24 0.0712892
7.25 0.0712763
7.26 0.0712636
7.27 0.071251
7.28 0.0712386
7.29 0.0712262
7.3 0.071214
7.31 0.071202
7.32 0.0711901
7.33 0.0711783
7.34 0.0711666
7.35 0.0711551
7.36 0.0711437
7.37 0.0711324
7.38 0.0711213
7.39 0.0711103
7.4 0.0710994
7.41 0.0710886
7.42 0.071078
7.43 0.0710675
7.44 0.0710572
7.45 0.0710469
7.46 0.0710368
7.47 0.0710268
7.48 0.071017
7.49 0.0710073
7.5 0.0709977
7.51 0.0709882
7.52 0.0709789
7.53 0.0709697
7.54 0.0709606
7.55 0.0709516
7.56 0.0709428
7.57 0.0709341
7.58 0.0709255
7.59 0.070917
7.6 0.0709087
7.61 0.0709005
7.62 0.0708924
7.63 0.0708844
7.64 0.0708766
7.65 0.0708689
7.66 0.0708613
7.67 0.0708538
7.68 0.0708464
7.69 0.0708392
7.7 0.0708321
7.71 0.0708251
7.72 0.0708183
7.73 0.0708116
7.74 0.0708049
7.75 0.0707984
7.76 0.0707921
7.77 0.0707858
7.78 0.0707797
7.79 0.0707737
7.8 0.0707678
7.81 0.070762
7.82 0.0707564
7.83 0.0707508
7.84 0.0707454
7.85 0.0707401
7.86 0.0707349
7.87 0.0707299
7.88 0.0707249
7.89 0.0707201
7.9 0.0707154
7.91 0.0707108
7.92 0.0707063
7.93 0.070702
7.94 0.0706977
7.95 0.0706936
7.96 0.0706896
7.97 0.0706857
7.98 0.0706819
7.99 0.0706782
8 0.0706747
8.01 0.0706712
8.02 0.0706679
8.03 0.0706647
8.04 0.0706616
8.05 0.0706586
8.06 0.0706558
8.07 0.070653
8.08 0.0706503
8.09 0.0706478
8.1 0.0706454
8.11 0.0706431
8.12 0.0706409
8.13 0.0706388
8.14 0.0706368
8.15 0.070635
8.16 0.0706332
8.17 0.0706316
8.18 0.07063
8.19 0.0706286
8.2 0.0706273
8.21 0.0706261
8.22 0.070625
8.23 0.070624
8.24 0.0706231
8.25 0.0706223
8.26 0.0706216
8.27 0.0706211
8.28 0.0706206
8.29 0.0706203
8.3 0.07062
8.31 0.0706199
8.32 0.0706199
8.33 0.07062
8.34 0.0706201
8.35 0.0706204
8.36 0.0706208
8.37 0.0706213
8.38 0.0706219
8.39 0.0706226
8.4 0.0706234
8.41 0.0706243
8.42 0.0706254
8.43 0.0706265
8.44 0.0706277
8.45 0.070629
8.46 0.0706305
8.47 0.070632
8.48 0.0706336
8.49 0.0706354
8.5 0.0706372
8.51 0.0706391
8.52 0.0706412
8.53 0.0706433
8.54 0.0706455
8.55 0.0706479
8.56 0.0706503
8.57 0.0706528
8.58 0.0706555
8.59 0.0706582
8.6 0.070661
8.61 0.070664
8.62 0.070667
8.63 0.0706701
8.64 0.0706733
8.65 0.0706767
8.66 0.0706801
8.67 0.0706836
8.68 0.0706872
8.69 0.0706909
8.7 0.0706947
8.71 0.0706986
8.72 0.0707026
8.73 0.0707067
8.74 0.0707109
8.75 0.0707151
8.76 0.0707195
8.77 0.070724
8.78 0.0707285
8.79 0.0707332
8.8 0.0707379
8.81 0.0707428
8.82 0.0707477
8.83 0.0707527
8.84 0.0707578
8.85 0.0707631
8.86 0.0707684
8.87 0.0707737
8.88 0.0707792
8.89 0.0707848
8.9 0.0707905
8.91 0.0707962
8.92 0.0708021
8.93 0.070808
8.94 0.070814
8.95 0.0708201
8.96 0.0708263
8.97 0.0708326
8.98 0.070839
8.99 0.0708455
9 0.070852
9.01 0.0708587
9.02 0.0708654
9.03 0.0708722
9.04 0.0708791
9.05 0.0708861
9.06 0.0708932
9.07 0.0709004
9.08 0.0709076
9.09 0.070915
9.1 0.0709224
9.11 0.0709299
9.12 0.0709375
9.13 0.0709452
9.14 0.0709529
9.15 0.0709608
9.16 0.0709687
9.17 0.0709767
9.18 0.0709848
9.19 0.070993
9.2 0.0710013
9.21 0.0710096
9.22 0.071018
9.23 0.0710265
9.24 0.0710351
9.25 0.0710438
9.26 0.0710526
9.27 0.0710614
9.28 0.0710703
9.29 0.0710793
9.3 0.0710884
9.31 0.0710976
9.32 0.0711068
9.33 0.0711161
9.34 0.0711255
9.35 0.071135
9.36 0.0711446
9.37 0.0711542
9.38 0.0711639
9.39 0.0711737
9.4 0.0711836
9.41 0.0711935
9.42 0.0712035
9.43 0.0712136
9.44 0.0712238
9.45 0.0712341
9.46 0.0712444
9.47 0.0712548
9.48 0.0712653
9.49 0.0712759
9.5 0.0712865
9.51 0.0712972
9.52 0.071308
9.53 0.0713189
9.54 0.0713298
9.55 0.0713408
9.56 0.0713519
9.57 0.0713631
9.58 0.0713743
9.59 0.0713856
9.6 0.071397
9.61 0.0714084
9.62 0.07142
9.63 0.0714316
9.64 0.0714432
9.65 0.071455
9.66 0.0714668
9.67 0.0714787
9.68 0.0714906
9.69 0.0715027
9.7 0.0715148
9.71 0.0715269
9.72 0.0715392
9.73 0.0715515
9.74 0.0715639
9.75 0.0715763
9.76 0.0715888
9.77 0.0716014
9.78 0.0716141
9.79 0.0716268
9.8 0.0716396
9.81 0.0716525
9.82 0.0716654
9.83 0.0716784
9.84 0.0716915
9.85 0.0717046
9.86 0.0717178
9.87 0.0717311
9.88 0.0717444
9.89 0.0717578
9.9 0.0717713
9.91 0.0717848
9.92 0.0717984
9.93 0.0718121
9.94 0.0718258
9.95 0.0718396
9.96 0.0718535
9.97 0.0718674
9.98 0.0718814
9.99 0.0718954
10 0.0719096
0.01 0.00170705
0.02 0.00638261
0.03 0.0134023
0.04 0.0222052
0.05 0.0322965
0.06 0.0432478
0.07 0.0546947
0.08 0.0663328
0.09 0.0779131
0.1 0.0892355
0.11 0.100144
0.12 0.110519
0.13 0.120276
0.14 0.129354
0.15 0.137717
0.16 0.145348
0.17 0.152245
0.18 0.158415
0.19 0.16388
0.2 0.168665
0.219771 0.176253
0.239542 0.181597
0.259312 0.185006
0.279083 0.186786
0.298854 0.187229
0.318625 0.186599
0.338395 0.18513
0.358166 0.183024
0.377937 0.180451
0.397708 0.177552
0.427784 0.172767
0.45786 0.167797
0.487937 0.16285
0.518013 0.158063
0.548089 0.153519
0.578166 0.149264
0.608242 0.145316
0.638319 0.141676
0.668395 0.138336
0.698471 0.135279
0.798471 0.12683
0.898471 0.120583
0.998471 0.115863
1.09847 0.112203
1.19847 0.109288
1.29847 0.106906
1.39847 0.104915
1.49847 0.103215
1.59847 0.101736
1.69847 0.100426
1.79847 0.0992482
1.89847 0.0981732
1.99847 0.0971797
2.09847 0.0962509
2.19847 0.0953739
2.29847 0.0945385
2.39847 0.0937371
2.49847 0.0929633
2.59847 0.0922123
2.69847 0.0914806
2.79847 0.0907651
2.89847 0.0900638
2.99847 0.0893749
3.09847 0.0886974
3.19847 0.0880304
3.29847 0.0873733
3.39847 0.0867259
3.49847 0.0860879
3.59847 0.0854595
3.69847 0.0848407
3.79847 0.0842317
3.89847 0.0836329
3.99847 0.0830445
4.09847 0.0824669
4.19847 0.0819005
4.29847 0.0813456
4.39847 0.0808027
4.49847 0.080272
4.59847 0.079754
4.69847 0.0792491
4.79847 0.0787575
4.89847 0.0782795
4.99847 0.0778154
5.09847 0.0773655
5.19847 0.07693
5.29847 0.076509
5.39847 0.0761028
5.49847 0.0757115
5.59847 0.0753352
5.69847 0.0749739
5.79847 0.0746278
5.89847 0.0742968
5.99847 0.073981
6.09847 0.0736803
6.19847 0.0733947
6.29847 0.0731241
6.39847 0.0728684
6.49847 0.0726276
6.59847 0.0724014
6.69847 0.0721898
6.79847 0.0719926
6.89847 0.0718097
6.99847 0.0716407
7.09847 0.0714856
7.19847 0.0713442
7.29847 0.0712161
7.39847 0.0711012
7.49847 0.0709993
7.59847 0.0709101
7.69847 0.0708334
7.79847 0.0707689
7.89847 0.0707163
7.99847 0.0706754
8.09847 0.0706459
8.19847 0.0706276
8.29847 0.0706202
8.39847 0.0706235
8.49847 0.0706371
8.59847 0.0706608
8.69847 0.0706943
8.79847 0.0707374
8.89847 0.0707898
8.99847 0.0708512
9.09847 0.0709214
9.19847 0.0710001
9.29847 0.0710872
9.39847 0.0711822
9.49847 0.071285
9.59847 0.0713954
9.69847 0.0715131
9.79847 0.0716378
9.89847 0.0717694
9.99847 0.0719075
10 0.0719097
