0.3 718.423 788.615 724.545 769.863 794.973 1.34468 1.07901 0.22743 0.240147
0.29 628.469 688.994 639.242 669.897 691.984 1.28668 1.14979 0.0800819 0.0800861
0.28 562.885 616.246 576.35 597.254 617.309 1.26081 1.155 0.0644115 0.0644118
0.27 512.968 560.951 527.96 542.27 560.915 1.23904 1.15918 0.0497946 0.0498
0.26 473.594 517.475 489.411 499.201 516.821 1.22235 1.1642 0.036897 0.036902
0.25 441.612 482.313 457.834 464.485 481.322 1.21014 1.1712 0.0257618 0.0257645
0.24 415.009 453.202 431.382 435.831 452.04 1.2006 1.18007 0.0156665 0.0156669
0.23 392.443 428.628 408.82 411.704 427.392 1.19154 1.18946 0.00522414 0.00522297
0.22 372.992 407.543 389.287 391.047 406.291 1.18093 1.19712 -0.00716779 -0.0071685
0.21 355.996 389.199 372.167 373.104 387.964 1.16692 1.20045 -0.0226542 -0.0226562
0.2 340.974 373.045 357.002 357.327 371.85 1.14744 1.19722 -0.0413607 -0.0413617
0.19 327.565 358.67 343.447 343.304 357.53 1.12047 1.18641 -0.0621476 -0.062147
0.18 315.49 345.759 331.232 330.721 344.684 1.08517 1.169 -0.0827098 -0.0827088
0.17 304.534 334.062 320.145 319.335 333.065 1.04293 1.14839 -0.100061 -0.100061
0.16 294.525 323.385 310.015 308.953 322.476 0.99706 1.12979 -0.111467 -0.111467
0.15 285.324 313.569 300.703 299.422 312.759 0.951819 1.11797 -0.115514 -0.115513
0.14 276.817 304.484 292.094 290.616 303.785 0.911629 1.11434 -0.112633 -0.112632
0.13 268.911 296.025 284.09 282.432 295.448 0.880744 1.11621 -0.104663 -0.104663
0.12 261.528 288.103 276.611 274.785 287.659 0.862424 1.11965 -0.0936274 -0.0936266
0.11 254.6 280.642 269.584 267.601 280.343 0.85731 1.12359 -0.0805199 -0.0805206
0.1 248.069 273.579 262.951 260.821 273.435 0.862143 1.13092 -0.0651176 -0.0651181
0.09 241.888 266.86 256.657 254.391 266.881 0.870421 1.14596 -0.0469902 -0.0469911
0.08 236.011 260.438 250.656 248.266 260.631 0.875801 1.17095 -0.0270484 -0.0270488
0.07 230.402 254.272 244.906 242.407 254.644 0.876122 1.20287 -0.00828292 -0.00828327
0.06 225.025 248.328 239.372 236.779 248.883 0.873343 1.2311 0.00507444 0.00507529
0.05 219.85 242.574 234.021 231.351 243.316 0.86995 1.23884 0.00973508 0.0097342
0.04 214.85 236.985 228.824 226.098 237.914 0.864435 1.21525 0.00686014 0.00686057
0.03 210.001 231.537 223.756 220.996 232.652 0.851695 1.16519 0.00207588 0.00207538
0.02 205.28 226.21 218.795 216.023 227.508 0.82903 1.10304 -0.000141075 -0.000140073
0.01 200.67 220.987 213.921 211.162 222.464 0.798227 1.04719 0.000279006 0.0002777
-1.42247e-16 196.152 215.854 209.119 206.398 217.502 0.764922 1.01166 0.000858562 0.000859224
